139911
271360
359383
575375
613592
1041409
1289667
1328857
1464528
1632257
1767925
1875212
2253659
2412377
2658067
2770096
2858809
3017489
3591211
4109514
4155761
4293620
4382294
4645622
4850667
4995539
5145430
5239934
5345625
6091307
6335055
6907409
7739220
7972944
8086141
8200000
8291898
8323141
8417289
8591696
8822354
9057423
9133587
9261646
9346724
9812824
10113849
10466531
10558564
10590682
10960326
11057587
11386952
11538733
12141961
12324294
13119092
13245878
13297011
13515628
13633670
14650191
14756087
14785440
15088813
15142463
15497967
15704107
15966431
15984367
16092770
16377052
17633061
17683679
17934034
18147413
18329974
18374015
18578109
18759589
18864369
18868428
19203898
19309216
19492010
19975405
20254505
20543368
20612599
21453969
21542509
21838174
21978602
22196451
22296834
22714958
22903805
22944937
22993304
23696628
23807733
25357076
25425683
25503627
26303609
26548517
27072322
27185082
27219040
27946565
28053998
28102058
28599339
28825181
29057995
29407516
29559701
29647924
29648315
29978002
30144625
30384645
30563091
30733826
30852106
31525750
31767010
32393584
32394428
32490705
32746943
33008665
33772417
33806983
33894085
33905657
34187383
34279321
34571566
34888497
34902281
35351593
35762979
35774570
35905453
36156966
36550952
36722570
37121400
37234382
37319599
37462810
37628591
38388402
38543881
38878137
39432042
39488970
39614272
39742567
39823569
40221784
40768922
40778912
40952403
40993374
41518429
41590277
41963447
42126911
42391556
42412481
42533557
43068389
43202043
43341076
43664839
43856000
44071432
44117810
44876940
44908954
44928460
45058541
45178525
45257756
45502841
45566092
46489472
46706062
47203557
47318706
47471876
47643152
47793338
47983757
48227063
48265041
48417821
48478795
48978867
49098587
49503895
49880058
49980421
50108644
50259057
51042044
51857872
51971612
51991747
52004157
52109402
52261835
52620726
52977694
53046109
53121199
53149468
53237118
53781109
53899612
54886463
54999252
55115410
55309827
55775284
55786620
56204894
56272896
56423679
56591304
56608021
56825399
57084299
57307166
57311898
57438122
57444699
58110955
58521188
59483592
59590466
59976460
60186882
60473891
60726886
60825929
60881262
61011573
61328050
61400464
62061391
62063226
62158384
62718562
64863367
65325297
66254755
66472266
66736347
66860807
67532201
67751539
67905957
68647588
68655867
68854052
69102642
69310723
69369107
69978297
70118187
70149734
70294089
70449084
70577950
70945672
70993953
71000803
71302439
72919019
73059402
73476297
73770021
74081048
74211000
74295917
74570027
75570656
76391155
76533767
76535483
77105675
77352669
77355029
77406392
77893159
77904730
78076205
78506963
79035307
79398363
79414509
80231745
80453816
80614808
80616376
80846923
81592337
81771679
81848764
82107480
82302552
82541139
82900642
83167092
83758858
83789650
83954912
84140239
84240347
84249422
84750448
84818796
84987632
85351907
85361400
86054901
87075749
87114221
88330349
88442459
88725933
88920503
89006545
89051735
89129644
89490468
89705104
89967183
90149058
90626107
90708308
91392212
91465150
91906130
92042607
92995578
93056611
93493432
93693810
93748607
93830874
94130586
94293993
94300151
94301852
94588266
95113927
95379200
95502116
96274982
96346060
96440672
96756679
97148561
97249860
97593409
97814393
98635302
98993073
99214852
99265046
99354157
99358120
99396855
99401666
99754484
99952640
100160409
100265838
100476696
100490615
100494378
100723486
100903745
100999364
101179018
101676844
102302965
103321728
103343931
103772932
103780203
104100227
104181116
104563278
104698192
105648866
105693487
105937915
106117960
106137455
106308125
106554779
106558452
106748359
106766744
107154314
107734212
108120786
108136951
108220931
108515445
108530095
108895289
109082790
109138239
109169481
109224163
109637019
109915484
110219474
110398668
110646289
111166479
111716863
111845521
112232334
112286334
112507779
112692051
112818739
113243267
113612195
113731043
114441959
114685407
114696325
114743513
115607033
116141658
116157305
116758356
116865834
117197011
117214732
117382711
117543809
118830658
119158463
119677094
119941822
120471651
120679531
120934203
120942717
121183427
121422395
121475962
121812971
121856539
121880561
122365116
122553937
122975117
123098694
123179576
123615694
123631257
123651625
124056836
124096059
124289632
124409119
124595524
124868333
125252823
125873674
125941220
125980541
126116739
126130436
126252560
126575406
127029773
127108597
127157437
127451319
128230741
128527845
128858490
129147714
129478061
129506769
129874723
130501512
130517205
131042410
131142475
131482845
131927096
132485568
132693458
132839769
132853027
133011421
133266732
133305145
133615393
133658257
134650117
135823825
135928519
136015560
136123676
136362716
136495032
136644358
136689640
137204898
137212746
137484527
137880410
137889947
138341492
138469078
138720462
138933995
138948908
139129986
139163029
139914506
140020323
140190737
140396699
140712159
140759529
140904883
141358617
141378027
141929138
142688153
142690021
142924415
143016779
143084691
143442868
143490806
143597670
143753920
144034571
144435354
144580697
144968747
145100533
145236796
145410711
145687567
145733044
146277332
146441570
146687838
146746692
146939550
147005604
147052460
147221459
147767677
148731044
148833421
149308240
149380376
150246296
150890234
151106463
151170713
152250436
152710990
152918002
153875551
153933006
154030583
154317312
154372511
154386197
154413377
154488550
154524399
154612691
154962999
155077844
155210965
155841398
156404484
156954614
157396351
157703323
157944222
158153695
158321760
158326195
158942393
159514552
159568396
159766017
159868596
159973329
160030864
160313108
160623070
160799661
161087384
161262937
161459333
161472834
161496527
161612189
161787381
162081413
163511855
163555326
163851875
163903713
164635755
165110024
165247728
166177412
166229575
166523586
167035266
167403271
167611044
167619979
168026193
168738697
168840877
168957122
169533697
169548168
169620211
169662435
170483553
170510980
171032094
171265973
171552953
171812202
172063912
172101754
172170699
172225131
172457963
172588591
172631849
172812815
173048237
173101733
173255900
173271993
173373293
173623431
173756040
173813516
174091802
174209649
174307138
174419055
174439836
174519560
174529485
174853736
174872362
175005832
175126312
175539466
176332069
176517129
177679109
177839662
178430413
179149687
179179498
179545592
179735896
179923580
180241889
180521094
180599819
180867283
181419384
181539062
182112704
182112887
182305181
182458648
182512055
183453535
183910631
184023643
184414304
184452589
184960567
185002671
185580684
185595877
185612615
185910546
185985896
186194902
186897090
187210944
187529032
187752801
187928009
188077573
188147554
188448179
188857708
188873680
189005921
189156872
189663540
189725720
189909278
190058096
190797407
191075531
191246766
191389244
191628450
191658060
192099467
192560719
192807715
192938018
193444142
193758279
193783773
193990410
194125057
194257829
194278504
194339636
194501046
195289206
195583611
195955899
196362238
196470023
196544779
196828773
196832064
196839479
196948080
197341783
197490564
197717819
199224826
199631346
199722368
199730406
199810958
199832053
199876107
200022848
200593139
200699890
200855511
201037728
201081618
201139997
201321268
201572101
201885199
201906901
202560350
202834684
203400549
203431577
203524327
203891202
203907610
204244284
204645096
204832407
205925375
206501722
206527015
206878877
206979081
207427146
207504538
207530246
207535395
207814285
208142283
208224945
208236001
208778964
209271463
209487342
209712499
210200087
210967514
211113230
211788287
211884762
211913576
212057456
212567512
212589467
212906611
213156418
213462161
213541591
213584171
214515640
214560673
214779533
215135863
215143878
215580407
215737467
216127785
216182681
216317340
216767246
216877105
216943694
216988784
217052022
217056465
217153447
217239857
217685177
217749137
218017924
218061561
218125743
218152781
218791931
218888272
219167936
219198913
220247788
220251733
220584911
220986456
221681711
221793284
221884095
221999052
222174343
223007106
223411477
223583914
224210372
224505919
224766691
224896282
224954128
225318580
225962927
226046818
226260775
226470886
226655537
226964183
227046194
227471037
227572088
227694111
227880938
228013439
228735572
228818205
229751164
229958091
230133044
230565239
230615328
230726888
230767455
231735157
232081602
232146916
232388170
232504983
232750966
233307285
233330025
233738834
234008988
234093872
234108743
234689201
234880867
234888790
235441602
236127428
236418534
237649361
238050183
238285573
238777596
238838322
238870936
239784142
240070541
240137564
240317713
240747184
240775334
240955150
240993882
241011584
241092148
241526154
241544738
241623169
241812868
242024470
242143669
242253470
242309434
242444827
242555609
242668476
242888651
244085134
244107649
244430282
244507810
244615769
244819905
245420280
245510148
246726606
247104925
248658700
248768029
248932358
249545293
249550437
249771346
251095657
251594031
252430481
253164298
253311585
253330358
253592178
253953375
254085683
254135780
254190885
254255246
254492848
255103371
255273396
255691400
255830214
256081357
256265672
256608639
258060726
258417579
258712681
259064172
259623875
259849290
260079349
260376750
260586261
261849921
262051660
262519220
262698874
263821533
264100614
264141755
264170177
264195209
264280408
265026290
265320409
265386183
265515778
265990290
266059708
266097248
266124338
266156412
266721893
266863068
267138803
267214738
267542407
267794162
267927869
268029323
268388351
268471094
268487306
268619074
268769895
269083295
269539532
269810081
269929640
270071174
270111338
270133796
270176194
270524241
270694293
270752251
270807379
270931869
271615592
271842753
272911267
273355266
273690155
274091134
274274722
274305522
274360953
274570180
275305139
275376875
276368019
276544295
276738066
277125140
277213071
277702093
277736624
277743328
277769350
278316788
278570328
278730164
279021593
279161802
279702708
279857574
279878059
280277942
280415264
280579531
281345387
282105722
282114776
282280809
282525815
282570710
282838371
282924882
283313917
283491293
283849744
284142182
284154670
284199567
284284667
284560334
284582955
284774719
285391522
285619140
285665221
286376043
286403902
286555757
288121100
288422919
288498284
288591839
288934140
289239787
289539247
290034963
290287412
290532925
290733243
290898204
291078569
291187691
291469729
291485170
291517394
291534770
291611597
291907010
292024946
292219282
292379938
292450440
293157247
293396556
293446601
293665036
293752044
294618517
294788210
294877076
295244144
295490484
295549041
295780987
295872908
295936829
295968026
296369327
296693177
296808975
297367582
297369737
298010145
298079912
298235612
298472434
298514412
299014053
299088478
299745185
299948412
301831120
302158819
302258281
302586332
302717235
302996432
303258290
303526692
303882676
304048824
304331013
304720539
306121706
306129710
306339995
306489464
306518890
307955683
308233932
308375529
308425644
308434698
308618131
308857296
309135719
309203820
309608763
310068515
310263122
311073130
311132342
312638387
312799632
312979898
313557611
314343283
315439191
316013355
316096492
316495705
316565917
316610858
316750010
316960153
317181059
317307059
317423558
317760709
318053035
318223694
318425244
318853675
319207987
319417825
319500161
319802841
319903539
319910841
320200542
320602236
320625654
320861432
321169283
321616344
321830384
322351387
322390541
322524789
322857790
323141784
323379079
323445376
323831980
323979319
324892513
325727687
326244239
326816444
327057148
327484340
327498030
327747266
327818595
327925470
329678134
329769603
329898503
330289132
331065320
331265084
331452999
331913384
332065272
332304998
332500142
332912991
332970697
334014638
334125900
334373862
334625612
335271332
335339702
335781520
335809518
335834720
336465722
336600062
336787737
337318209
337624377
337731003
337908097
338196195
338199724
338214821
338465187
338652781
338770299
339206044
339243303
339413550
339624330
339790531
339901238
340033605
340580408
340829314
340956334
341146322
341451788
342885356
343338078
343484886
343674990
343956606
344153526
344367996
344544908
344630837
345197732
345883123
346140807
346159701
346307395
346374800
346435647
346906081
347148682
347203047
347750094
347795651
348063930
348557953
348621867
348695933
349096777
349545012
350261147
350867333
350867856
351029840
352258608
352346910
352426532
352658563
352824748
352952342
352954263
352958289
353032298
353126434
353183767
353254265
353383523
353798641
354398680
354439156
354578986
354704243
354823745
355179136
355353458
355587890
356269730
356289565
356477453
356513779
356849058
356895950
356971721
357050327
357139900
357349434
357460890
357988257
358045561
358330535
358514596
358579058
358905022
359557605
359562778
359965760
360424722
360468225
360876855
360922323
361053688
361115627
361248712
361560267
361716192
361869228
362242469
362506378
362533614
362960241
363111071
363357113
363393124
363871947
363933736
364293660
364427285
364445786
364448656
364801419
364829080
365123812
366011123
366236704
366373846
366583859
367011416
367647142
368060270
368406771
368523169
368740064
368784522
368800643
368825249
368887797
368961285
369893681
370435303
370518108
370592092
370703424
370721831
371164531
371485252
371548609
371883837
371890128
372446860
372503143
372634166
372959054
373245504
374263664
374479959
374661517
375275715
375751669
375998113
376301520
376373852
377622409
377647066
378076335
379284627
379512160
379817724
380445712
380528423
380532032
380701079
380853568
380904249
381056016
381508656
381667142
381949836
382103785
382558997
382670038
382832656
383379446
383474788
383557162
383776464
384252745
384257255
384642290
384659169
384937981
385031771
385414831
385460276
385529122
385547338
385616925
385934202
386007017
387012798
387245755
387253272
387848904
388104375
388216335
388221925
388223841
388736230
388853999
389020609
389643566
389759478
389980878
390058783
390205696
390548821
390551106
391629837
392015991
392137677
392183709
392319136
392641201
392949086
393079538
393219595
393245133
393442224
393964814
394178176
394332540
394817314
394917162
394954954
395471237
395616953
395619406
395695841
396270965
396531026
396559392
396901007
397040594
397182109
398135034
398287014
398426284
398581273
398762204
399279179
399520766
399809403
400255224
400419648
401855778
401858125
402291764
402757954
402774839
403243530
403684529
403838821
404763604
405039407
405360266
405656102
405711878
405796318
405980981
406140093
406411358
406731332
406776704
406890527
407243399
407268496
408131753
408328925
408437634
408986403
409255261
409380421
409425674
409830764
409844247
410208663
410214355
410360310
410698112
410810419
410879575
411327431
411627467
412474417
412483109
412810882
413214920
413493629
413503264
413807531
413932517
414053421
415144180
415236875
415965430
416140628
416234966
416689571
416767804
417006202
417427224
418343649
418434138
418801356
418931955
419707950
419959772
420261592
420323949
420931402
421514065
421554816
421664648
421866546
421875024
421987264
422190891
422367148
422421472
422484925
422715837
423217445
423228772
423426631
423457302
424022183
424216574
424410043
424586129
425350884
425562512
425587480
425649503
425658829
425701762
425734556
425756053
426348501
426362038
426408405
426550407
426654727
427224982
427252827
427391605
427479566
427633000
427654211
427893134
428055592
428113521
428618271
428999568
429121260
429573056
430660666
430900718
431307031
431499152
431921226
432112396
432149627
432207800
432213443
433195014
433836349
433995458
434042618
434597861
434622788
435003848
435181888
435378511
435616174
436052600
436133809
436276783
436421490
436777173
436778441
436790927
436952464
437263730
437529486
437666280
437724143
438069972
438173282
438220056
438302636
438543803
439984334
440600331
440881426
441126537
441152813
441708072
441934545
441987653
442164924
442182251
442949045
442966699
443110909
443668953
444883769
444903010
445518628
446114523
446285848
446580630
446823562
446953629
446992811
447100213
447402297
447822712
448219825
448831228
449090298
449336524
449482467
449682938
449697416
450039218
450051830
450240408
450389536
450474775
450682234
450777957
450978577
451300241
451698590
451719547
451724335
452476316
452495706
452777593
452915992
452951420
453066449
453295938
453718878
453906365
454223536
454294043
454378252
454835765
455371219
455947902
456340600
456681601
457380284
457767175
458044063
458098030
458219603
458470866
458611144
458717415
458969972
459115486
459168434
459377942
460069881
460492119
461445860
461769558
461963771
462049201
462175688
462673261
462819113
462876424
463110517
463158675
463401111
463477575
463653903
464220369
464296519
466161434
466380565
466479813
466529271
466686796
466699701
467424974
467591870
467891400
468294520
468568845
468604328
468767856
469193996
469869612
469978483
470141641
470373708
470637210
470660793
470861300
471295783
471325115
471970056
472043977
472216647
472826239
472952289
473380197
473788363
473932771
474713451
474750328
474950703
474985733
475239316
475629643
475740306
475755707
475856375
476405288
476732311
476789620
476943565
477337156
477378269
477484788
478109227
478374699
478463012
478594638
480115045
480266772
480423591
480528307
480629959
480914412
481315228
481998294
482046011
482311950
482315905
482480231
482547389
482612052
482801205
483138979
483370021
483558943
483673736
484225024
484365159
484905414
485259347
485558108
485736300
485787353
485788711
485987802
486157145
486541745
486672753
486682283
486883443
486988026
487180635
487255125
487989975
488597318
489090411
489186394
489752437
489891558
490100664
490612007
490715973
491092201
491169014
491468960
491578396
491795101
492725540
493303747
493406705
493551532
494000223
494552885
494638517
495516366
495612970
495814537
496345657
496353006
496691511
497111096
497256437
497373764
497753994
497857694
498091268
498171705
498539177
498921673
499139172
499260474
499306050
499496772
499778513
499920938
499938852
500027529
500075806
500484054
500601620
500666056
501641149
502411714
502532400
502560184
502568127
502869761
503065267
503352419
503685031
503744863
503862666
504224815
504538216
504694681
504702305
505818829
505950295
506325579
506536150
507529860
508110451
508827029
509403351
509702481
509796145
510312833
510709099
510964960
511030356
511148009
511550283
511560149
511954240
512017655
512081531
512269673
512525100
512939251
512941339
513244487
513300409
513420090
513583127
513982780
514055476
514060347
515040035
515731446
515980587
516208877
516461459
516514459
516571006
517214816
517459972
517529837
517728463
517787446
517904777
518398514
518414469
518440203
518759390
519062622
519172418
519192432
519458408
520244377
520513203
520652771
520707312
520724252
520810034
521145974
521646893
521672154
521930793
522338815
522530752
522573179
522938873
523589124
523613338
524125734
524361951
524381490
524432900
524841988
525093225
525804094
526030902
526063138
526162201
526335063
526384452
526632095
526724313
526955187
527049353
527050136
527209001
527240791
527520645
527568850
527660262
528579985
529211820
529225882
529406840
529437072
529516399
529572349
529822651
530226390
530287724
530541783
530663516
530831270
531533030
531606095
531910413
531947996
532021690
532559774
532994612
533159085
533202597
533637857
533935073
534083125
534246901
534426450
534430939
534982246
535636150
535868328
536001049
536317941
536380388
536705995
536857735
537046225
537135030
537730691
537878632
537886243
538585024
538887268
538892784
538943573
539028824
539526560
540095434
540146463
540275685
541186459
541378585
542129033
542420367
542542064
542665492
543010179
543148831
543244811
543378628
543555106
543611727
543847082
544141540
544538136
544902154
545268780
545316226
546150226
546484364
546496133
546591777
546605078
546923725
547058420
547484803
547584395
548685716
549255039
549426866
549533387
550625506
550941633
550980239
551022695
551035687
551822184
551949506
551986702
552124405
552320876
552807824
552936997
553201691
553354491
553543195
553701900
553875144
553903543
554192243
555035572
555296534
555807656
556141725
556256179
556350679
556394516
556506263
556630676
556719721
557206910
557286341
557433313
557919126
558506787
558630861
558666696
558780230
559159136
559184695
560125059
560771531
560929532
561288418
561796064
562172028
562183938
562273472
562358663
562555019
562868933
562905005
562931636
562949704
563067617
563601121
564268511
564277767
564287872
564478622
564535230
564869031
564984304
565083506
565275291
565277076
565367331
565435388
565667273
565961593
565968092
566667835
566837713
566958969
567161364
567305066
567733115
568276266
568475665
568948768
568949782
569296356
569443583
569751513
569844278
569981478
570015547
570098614
570509428
570763362
570825899
570855235
571266338
571432884
571595607
571608472
572452557
573033915
573371539
573421559
573470238
573495588
573579242
574308369
575013315
576331362
576463986
576540843
576607047
576874152
576978033
577365794
577469882
577965895
578021182
578123022
578306439
578331190
578539587
578567602
578651870
578939639
579213095
579214138
579427503
579442737
579961279
580048368
580117791
580205955
580786973
581146393
581344259
581448337
581696347
581908808
582015377
582031071
582048216
583085679
583126393
583141055
583547736
583692312
584879226
584927928
585106416
585139149
585567130
585854173
585867326
586797616
587004870
588134345
589335829
589633331
589816248
590444448
590773021
590899907
591137035
591483892
591499697
591588778
592108699
592418258
592660307
592761304
592876655
592897242
593309631
593340113
593949173
593961993
594545370
594881158
595353589
595413304
595533624
595760282
596952249
597204422
598009302
598309458
598337474
598340385
598475647
598536530
598734036
598978792
599032101
599265455
599301058
599639059
599717717
599756255
600319804
600515080
600558365
600633695
600771925
601111458
601133050
601409291
601772041
601990289
602570468
602695009
602848582
602956625
603123182
604474006
604577276
604789832
604880816
605394969
605780907
606576150
606605380
607386732
608066824
608148068
608766258
609052555
609144580
609788844
610182673
610780256
610825949
610883511
611396006
611606195
611777709
611794506
611895976
612068690
612239940
612720711
613104811
613211792
613457197
613466290
613718689
613799530
613822605
613978194
614104941
614277790
614420575
614552674
614666755
615023217
615125273
616029488
616108711
616207454
616621550
616630090
616789624
616838311
616970507
617851543
618185046
618799357
618849974
619733074
620144321
620384715
620549735
620913441
620988008
621829246
622267575
622645310
622737352
623160937
623486458
623787458
623913507
624042823
624458878
624470564
624577837
624656562
624728985
625004534
625032107
625126027
625738372
626010956
626011460
626185396
626744086
626776877
627228290
627281474
627450441
628279428
628669941
629150783
629421700
629547946
629597052
631056508
631086961
631115897
631354448
631505062
631619643
631938812
631952397
632077072
632324093
633846029
634476932
634560254
634799105
635098068
635663015
635666360
635720920
635752637
635800404
635895117
635905239
636289423
636302067
636555192
636919325
637147316
637249935
637508421
637725518
638000066
638741310
638844958
638935784
639418706
639458801
639482651
639518658
639586150
639698994
639833262
639882111
639905658
639936340
640119613
640141712
640447613
641020978
641121411
641481972
641787170
641976731
642297128
642558518
642591564
642713630
642911981
643530227
643708409
643858208
643937501
644063897
644262236
645041242
645240707
645287678
645410924
645676550
646153694
646206892
646444253
646844602
647077764
647350874
648271303
648433179
648519216
649373247
649855215
649969993
650366760
650637047
651623910
652087860
652553388
652571641
652651063
652782227
653035720
653380154
653669703
653867893
653978797
653984915
654136312
654704136
654821042
654952554
655160601
655322237
655469155
655652237
656335853
656409957
656625183
656677303
656775479
656828828
657757490
658574848
658733419
658988474
659291862
659641073
659818819
659996557
660127534
660163109
660415565
660432972
660535537
660553763
661408537
661468490
661547975
661624155
662287511
662472246
662946396
663082917
663122995
663587512
664188093
664362299
664463005
664862220
664910514
665009617
665522993
665587234
665740568
665789707
666731446
667089531
667122571
667125947
667152073
667308583
668071868
668264026
668323750
668394001
668622342
669057629
669542184
669636862
669641975
669830799
670106449
670133345
670265324
670856886
670916733
671278832
671509323
671515523
671682718
671930425
672737107
672765220
673051339
673517603
674195341
674736517
675523554
675687929
675846510
675905959
676268841
676337812
676415065
677002753
677943727
678125726
678160895
678326589
678863621
678870940
679145505
679190733
679197487
679219464
679465301
679800939
680058198
680396754
680683141
681020298
681092406
681569700
681614062
681675379
682228544
682456323
682930619
683693384
684445079
684709100
685109941
685425949
685434541
685805969
685866205
685917614
686017632
686372557
687041911
687045443
687180712
687300996
687481550
687871664
688407292
688467002
688596263
688628562
689304114
689554470
689614246
689710210
689947392
690207674
690502577
690713971
691035717
691213510
691544590
691646001
691704209
691802877
692119840
692220612
692593077
692847982
692884749
693222054
693355809
693969934
694222427
694292846
694823700
694848828
695099133
695215068
695577509
696127958
696492098
696646246
696750297
696933757
697419792
697515425
697836843
697966455
698473423
698658148
698893196
699175445
699442695
699451680
699553912
700024185
700544274
700654479
700857098
700864218
701397909
701430083
701675938
701872633
703174456
703188859
703310153
703325505
703423279
703504282
703755491
703869355
704575327
704618889
704621630
705115821
705522517
705606927
705756447
705984606
706328163
707028568
707376955
707625564
707638698
707652270
707760020
708334210
708466552
708739737
708868976
709230732
709434182
710696298
711203724
711223256
711501769
712034717
712107166
712278741
713005598
713437215
714483722
714538570
714808556
714862609
714916129
715979126
716407170
716485861
716738051
717220918
717378054
718335475
718833141
719037686
719041187
719068046
719260365
719622079
720162106
720185438
720273341
720584139
721922772
722100060
722986954
723101374
723527155
723597855
723843103
725159202
725736895
725987414
726024786
726324289
726734654
726985481
727166112
727386325
727717180
727841784
728092342
728555230
728781697
728807845
729079323
729097977
729530705
729694512
729777795
730074074
730145871
730399263
730413179
730513828
730787435
731207320
731524515
731667279
731717144
731832603
731911035
731982120
732027870
732164784
732927076
734105215
735376616
735777295
735885701
736147306
736878525
737044025
737336656
737611267
738213263
738927452
739173385
739555742
739563034
739641045
739671687
739988641
740034238
740202931
740332409
740784048
741182247
741339746
741675001
741912755
742420668
742440625
742911010
742929957
743028116
743065844
743811812
744194747
744235463
745728618
746253763
746618067
746935420
747033564
747033861
747333995
747392725
748096738
748376668
748628816
749065347
749071964
749214533
749233607
749591724
749649368
749738967
750554694
750632592
750783508
750905587
750980993
751027247
751364298
752221972
752675011
752770990
753263386
753321153
753365965
753405884
753495297
753710174
753770728
753922134
754190222
754744918
754785011
754811052
755003689
755397671
755770803
756058417
756243796
756253254
756531924
757057624
757185772
757224296
757288886
757315908
757680484
757688257
757835738
757932000
757962604
758130929
758248362
758366291
758435100
758447511
758613689
758786359
759025468
759624155
759676280
759864188
759892819
760158041
760379840
760821033
761275315
761275830
761386634
761498273
762065114
762141736
762188627
762228060
763240811
763264934
763271760
763716152
763860841
764118304
764123829
764208774
764488683
765036218
765426692
765491646
766287719
766392432
766437668
766521195
767344815
767448577
767449581
767708882
768562273
768582953
768586544
768948486
769175045
769554638
770500429
770676534
770801513
771118524
771145640
771569934
771612889
771782354
772046276
773628324
773842795
773985963
774355939
774790379
775034056
775344313
775599074
775789961
776204565
776281160
776857008
777638465
777695823
778302536
778744335
778889495
779138956
779242924
779318174
779352228
779541753
779582333
779619524
779850765
780080926
780103306
780107756
780662698
780952670
781163399
781184617
781532134
781664907
781805327
781887274
781920423
782508921
782589809
782653134
782836041
783098659
783636332
783807928
784086585
784103271
784515024
784667314
784681065
785040001
785093803
785108447
785484432
785538672
785877825
786535373
786624375
786846928
787152207
787625262
787808964
788158929
788221823
788332753
788370330
788549992
788667657
788836773
788931543
789109927
789186197
789289257
790127007
790249552
790811788
790829746
790893624
790999793
791123333
791135110
791223519
791613517
791995304
792418653
792504726
792634426
792638743
792947216
793467867
793723656
794994962
795982336
796698768
797067197
797851743
798211995
798700322
799793251
800204885
800802739
800918539
801070930
801432277
801814308
801839823
801862139
802160197
802326237
802596341
802611775
802678536
802972311
802997489
803148082
803181314
803203519
803611847
803705911
803816702
803988351
804342720
804618434
804731128
804966167
805350796
806578115
806588080
806590336
806783593
807044906
807186422
807334554
807859705
807982643
808470242
808811840
808917230
809379948
809380634
809419809
810203609
810379557
810718954
810805328
810820150
810841345
811042663
811070370
811227678
811531009
813425188
813747510
813750137
813904293
813974103
814005748
814036963
814290029
814388146
814539375
814553614
815226911
815496277
815589881
815912783
816053939
816067829
816619140
817095273
817148530
817313530
817381845
817466468
817580446
817602021
818002167
818744525
818871695
819038610
819098443
819204716
819276056
819299757
820204156
820580652
820861263
820936256
820971352
821049628
821251477
821393144
821520205
821712235
821947093
821999014
822289825
822398072
822420507
822736875
822816905
822902781
822903658
822932969
822947112
822988993
823151046
823182902
823637779
823981186
824009959
824158477
824268828
824359209
825346461
825734361
825959494
826850824
826985330
827063030
827170932
827394042
827449255
827858355
828587776
828702094
829115323
829174063
829723998
829891663
829945500
830134777
830431772
831092453
831309832
831396450
831627761
831974781
832073530
832796494
832865466
833436842
833825133
834128736
834445951
834568494
834629131
834688119
834797702
835075756
835225198
835304801
835703187
836272961
837183128
837200087
837266569
837449242
837550644
837628420
837649911
837754836
837963161
838181856
838731728
838838800
839444577
839684683
839737502
839990895
840062184
840329498
841020666
841424879
841459987
841653359
841917797
842274304
842702043
843185471
843291954
843356491
843690102
843693698
843849399
843892503
844204074
844430745
844949479
845051801
845081950
845093806
845305934
845616328
845626544
845749604
846290119
846585953
846627495
847060833
847879057
847937938
847947523
848248471
848294249
848431384
848503910
849256965
849777490
850442136
850481326
851244919
851674894
851918472
852252441
852570766
852597742
853033439
853341402
853669756
853963698
854247066
855100781
855150018
855163108
855816055
856416921
856519336
856757170
857010780
857144248
857211422
857354459
857729452
857738450
858032953
858102004
858128302
858839601
859026965
859035478
859065194
859767652
860038352
860219320
860343571
860348426
860366656
860810491
860969522
861188948
861211703
861240647
861380036
861628543
861651625
862139139
862287680
862451713
862991822
863080367
863256213
863764141
863848522
863891869
864697777
865300126
865398184
865603640
865939317
866347595
866667193
868349066
868724284
869266664
869672773
869862760
870021092
870086283
870654892
870773539
870833372
871015195
871077176
871079214
871452841
871560781
871913276
872077566
872139861
872336482
872786524
873219836
873288973
873554568
873622466
873749606
873917951
874019327
874284389
874929901
875390786
875556432
875633034
875653391
875919867
876797949
876916309
877150103
877542099
877609987
878116491
878187102
878214692
878344425
878779217
878798245
878913687
879039598
879369857
879447111
879519662
879622644
879861329
880321148
880738149
881341870
881603410
882099416
882186244
882479105
882501381
884047011
884195783
884203868
884545107
884707335
884924406
885180183
885518883
885640226
886334014
887145033
887467692
887663146
887698087
887936194
888184556
888300191
888516482
888863634
888874357
889005713
889235125
889742001
889750404
889958365
889989362
890031967
890084341
890110859
890225680
890435861
890535269
890633993
890788913
890911690
891064474
891202208
891391295
891963453
892647393
892660210
893154681
893590196
893719899
894010673
894288195
894295421
896263535
896656515
897121877
897492124
898988649
899114815
899281149
899632686
899785836
899984975
900866223
900956595
901228940
901230321
901252441
901591997
902324297
902614578
903081603
903136826
903285759
903384696
903432547
903460493
903464389
903867848
904289951
904458422
904732419
904743397
904791677
904975653
905524065
905813446
906668066
907075352
907216879
907670495
907730992
907812820
907898595
907929045
908015115
908110001
908158923
908717268
908760873
909218588
909240694
909285951
909919494
909960779
910016361
910436106
910436583
910448600
910581060
910855807
910999150
911007449
911127607
911165089
911192131
911578819
911638199
911870706
911954844
912244275
912341712
912895046
913022510
913053002
913300229
913435680
913513891
913883499
914189224
914345144
914575458
914646640
914757234
914894662
914975199
915393476
916289613
916487149
916501876
916704859
916766869
917208293
917242517
917414463
917832684
918570306
918658663
918972328
919375626
919466637
920100708
920299307
920558106
920740405
920787315
921015530
921093940
921466974
921494309
921494618
921780118
922090454
922262919
922518405
922633778
923008121
923392534
923563093
923709858
924697788
925373678
925510265
925808169
925810638
926072969
926123119
926232705
926751624
926902350
926918064
927146020
927322218
927478566
927562208
927750400
928074399
929215625
929597966
929813514
929916846
930112045
930264900
930377385
930640603
930807429
931012519
931342763
931461111
931857940
933152778
933354460
933613646
933952115
934106782
934363832
934440519
934505169
934996334
935467346
936204910
936501563
936533992
937135323
937178504
937797925
937938322
938399628
938553587
939085085
939229270
939346735
940248226
940314571
940346977
940991143
941224311
941638480
941948176
942591649
942651496
942688475
943228769
943778839
943803269
944469597
944626039
945068209
945112000
945278309
945423077
945711473
946420202
946464508
946499725
946514934
946870453
946934159
947011182
947070914
948073893
948258682
948830846
949532318
949600946
949840813
949990396
950593328
951126762
951527191
951610608
951619566
951680367
951714341
951842459
952699408
953002693
953043001
953171735
953305197
953389456
953473279
953594580
953686397
953726650
953767655
954203173
954995028
955232928
955279958
955353143
955515380
956464107
956991724
957298936
957449021
957527998
958750963
959003886
959135326
959505511
961146045
961298772
961416336
961696285
961815159
962449751
962889381
963559074
963951649
964451507
965071493
965450141
965598382
965687893
966011255
966494154
966846674
967196716
968029761
968126430
968904553
969308210
969435035
969518735
970012869
970346949
970374875
970418891
970861427
971016389
971279543
971360570
971400565
971746713
972364805
972531750
972706106
972770847
973350921
973465463
973610375
973940691
973956098
973982378
973988769
974000449
974131953
974438330
974967829
975138308
975213911
975402077
975591923
975938369
976080577
976425441
976714214
977426330
977635117
977642087
977650060
979246560
979457939
979493425
979660945
979856279
981095637
981408036
981501830
981502222
981926760
981962061
982076270
982493919
982646061
983001947
983114576
983237615
983547653
983548573
983564771
983656038
983670607
984462275
984818839
984830394
985249032
985321516
985604876
985686278
985970683
986603623
986884638
986941110
987310579
987505570
987981860
988402758
988616178
988659784
988765405
988929473
988967370
989112205
989627376
990102688
990230126
990705239
990872623
990901022
990951404
990960126
991005052
991087588
991186065
991278443
991281749
991860590
992092874
992148200
992246989
992613989
993734834
993861971
994434887
995069629
995311695
995633051
996933818
997273904
997450846
997537794
997768156
998022555
998287602
998486769
998911451
999012430
999081688
999098352
999129692
999156724
999237179
999499165
999682168
999711675
1000036400
1000061433
1000400922
1001199266
1001456188
1001610788
1001803746
1001975033
1002430357
1002610764
1003295956
1003356700
1003781046
1004217288
1004398211
1004463566
1004559325
1005227286
1006044669
1006086903
1006113344
1006186005
1006357338
1006596243
1006623704
1006789337
1007183045
1007386504
1007458689
1007810739
1007901013
1008111305
1008767385
1008929170
1009413598
1009429325
1009566656
1010072871
1010160196
1010419257
1010450367
1010464057
1011271911
1011521017
1011727735
1011923236
1012202732
1012599007
1013328169
1013329850
1013344931
1013745407
1014011270
1014594902
1014622296
1014881403
1015171178
1015318744
1015696035
1016002996
1016019082
1016032816
1016061832
1016113048
1016259407
1016508646
1016758750
1018363550
1018480691
1018553028
1019579849
1019597782
1020000173
1020042150
1020185945
1020421630
1020467556
1020654655
1020892728
1020951182
1021582161
1021855884
1022076173
1022305277
1022637670
1022929274
1023174872
1023185295
1023453731
1024605958
1024610724
1025295818
1025301622
1025342999
1025509061
1025587572
1026037891
1026144441
1026260927
1026766893
1027200265
1027598819
1027700461
1027847810
1027919131
1027920344
1028500409
1028696607
1028741166
1028831294
1029070416
1029331568
1029407412
1029563485
1029567996
1029777228
1029811774
1030282777
1030323165
1030335014
1030863435
1030894257
1031047640
1031111808
1031132253
1031295087
1031341968
1031577244
1031736173
1032005733
1032006150
1032559355
1032747286
1032763177
1033252507
1033683367
1033764418
1033934864
1035945098
1036041965
1036147889
1036157590
1036344778
1036535628
1036616260
1036682386
1037147023
1037631840
1037655538
1037974659
1038035816
1038343555
1038463236
1038632612
1038672986
1038839040
1039099357
1039261101
1039635744
1039877354
1040098458
1040294466
1040328800
1040750596
1040965216
1041118885
1041505603
1041976785
1042027551
1042304821
1042828642
1043368174
1043438245
1043957564
1044104858
1044574558
1045088176
1045263628
1045561988
1045849685
1046960686
1047564518
1047654096
1047689832
1047787422
1047894679
1047928040
1048034705
1048081111
1048381247
1048425645
1048455684
1048516704
1048605520
1048872378
1049227836
1050503280
1050667484
1051066750
1051234014
1051535644
1051547787
1051603409
1051982766
1052053075
1052277833
1052312170
1052613551
1052617574
1052753886
1053305503
1053664672
1053722063
1054062415
1054404763
1054437442
1054510660
1054594275
1054669183
1054808246
1055120552
1055580568
1055602661
1055833025
1055975304
1056211250
1056331514
1056641235
1056751163
1057604868
1057635588
1057993568
1058082064
1058188039
1058347024
1058466838
1058482888
1058926244
1059304837
1059709617
1059760947
1059984565
1060121729
1060676385
1060934143
1061533329
1061980168
1062496628
1063430150
1063438756
1063480931
1063533894
1063649275
1064073606
1064233890
1064470650
1064665715
1064977506
1065014007
1065065972
1065084941
1065486873
1065679101
1066341883
1066376413
1066694162
1067063914
1067148677
1067318379
1067723112
1068188579
1068535987
1068536664
1068629832
1068667238
1068742410
1068780986
1069069926
1069159887
1069232692
1069835518
1070260877
1070340427
1071608123
1071611101
1071682372
1071731698
1071738773
1071986097
1072531405
1073098848
1073458092
1073490437
1073662576
1073734721
1073777152
1073791289
1073870318
1074076199
1074287435
1075011629
1075087560
1075248308
1075260777
1075261642
1075674885
1076000868
1076015746
1076202826
1076501060
1076692373
1076851550
1077186691
1077236295
1077833635
1078041816
1078154783
1078208674
1078211952
1078494631
1079118493
1079174104
1079369157
1079485586
1079927430
1080356165
1080380945
1080523610
1080589811
1080717114
1080832267
1080876829
1080877428
1081084139
1081612505
1082139937
1082223277
1082489556
1082537007
1082738189
1082833219
1082869687
1083125024
1083448363
1083767480
1084034883
1084698496
1084724406
1084735537
1084910315
1084968319
1084991274
1085129991
1085807613
1086095340
1086175375
1086848022
1086932053
1087038757
1087162104
1087577765
1088222003
1088771130
1088984084
1089514412
1089548589
1089757904
1089938913
1090173220
1090273965
1090592903
1090813239
1091066768
1091153183
1091340873
1091539939
1091927398
1091987087
1092124407
1092237311
1092693046
1092727012
1093182984
1093215408
1093361185
1093512905
1093515740
1093556981
1093733039
1093901041
1095102897
1095412793
1096078158
1097259585
1097426363
1097457579
1097571510
1097688463
1097950375
1097978067
1098290668
1099064336
1099181393
1099264526
1099752035
1099931520
1099949598
1100021174
1100061037
1100642819
1101025782
1101442205
1101546093
1101739295
1101906335
1102087181
1102279154
1102347259
1102926175
1102955344
1102986128
1104448815
1104656565
1105064633
1105959386
1106715747
1106931945
1108020233
1108211640
1108262032
1108442948
1108849174
1109309721
1110381050
1111078527
1111191501
1111569972
1112039491
1112334656
1112446785
1112500513
1112508672
1112613781
1112651835
1112896209
1113494076
1113649763
1114170876
1114538875
1114555725
1114585875
1114696281
1115180243
1115285384
1115367370
1115415094
1116053634
1116766237
1117520814
1117677086
1118268310
1118549532
1118848699
1118873998
1119079597
1119744387
1120064076
1120272858
1120444676
1120514730
1120567188
1120634089
1121001251
1121002386
1121081086
1121101851
1121115691
1121195737
1121343541
1121553588
1121809754
1121865915
1122210657
1122224935
1122446418
1122508389
1124220773
1124374889
1124749311
1125142852
1125922953
1126197957
1126301529
1126508204
1126661912
1127282036
1127669375
1127759476
1127839980
1127888682
1128220562
1128261661
1128772700
1129114388
1130361894
1130539294
1130629173
1130661627
1130867685
1130898147
1131089107
1131542646
1131745210
1132636603
1132782468
1133266420
1133287564
1133409032
1133736578
1134169446
1134433176
1134505180
1134520310
1134571104
1134674895
1134970678
1135163889
1135248354
1135261264
1135395821
1135531651
1136471990
1136551607
1136841387
1136916110
1137065204
1137616874
1137885120
1137975942
1138256658
1138374656
1138712481
1138822022
1139183003
1139205710
1139369440
1139726754
1140356331
1140414734
1140420608
1140703224
1140825104
1141343956
1141742340
1141836814
1142085751
1142832397
1143288918
1143447992
1143484222
1143532237
1143968661
1144120710
1144212947
1144473194
1145002987
1145264651
1145608175
1145632953
1145815229
1145834937
1146337063
1146419573
1147571464
1147608697
1147804170
1147854739
1148036178
1148504322
1148566584
1148598540
1148719631
1148912546
1148951852
1149381046
1150835261
1150893135
1151565011
1151675755
1151914385
1152315937
1152423407
1152541765
1152705668
1153048134
1153647526
1154196294
1154223580
1154500271
1154631578
1154682888
1154971274
1155255235
1155528530
1155798603
1156084105
1156095782
1156151272
1156164477
1156318210
1156495217
1156519030
1156534736
1156764760
1156773566
1157715072
1157727871
1157960741
1158036646
1158212755
1158331876
1158823770
1158875250
1159906135
1160143560
1160194451
1160276012
1160791804
1161035994
1161353566
1161904007
1162994404
1163088752
1163102151
1163279976
1163571044
1163603387
1163741148
1164991096
1164995417
1165079625
1165148133
1165295627
1165311014
1165488011
1165689810
1166101973
1166717175
1167209996
1167329033
1167354876
1167383037
1167474820
1167687275
1167935398
1168256663
1168628827
1168797908
1169249143
1169400990
1169549067
1170322337
1170722516
1171031666
1171259808
1171338512
1171403581
1171489085
1171587325
1171888122
1172414343
1173117138
1173268847
1173470074
1173684444
1174489268
1174546526
1174636457
1174702288
1175879752
1176361983
1176631360
1176945668
1177504714
1177656757
1177890518
1177900661
1178283180
1178781543
1178911703
1179004287
1179115338
1180027635
1180344254
1180663696
1180734275
1181720600
1182599277
1182800331
1183053604
1183662358
1184245570
1184283858
1184306724
1184420417
1184433921
1184798609
1185020773
1185128934
1185178953
1185217705
1185267635
1185477015
1185821533
1186044746
1186307965
1186475824
1186614795
1186749857
1186839055
1187116778
1187323413
1187360168
1187534903
1187742700
1187948930
1188531940
1188752662
1189131609
1189503475
1189772644
1189821152
1190109889
1190905391
1191468882
1191980069
1192106190
1192748628
1193134102
1193151953
1193225107
1194107532
1194123844
1194849121
1194972180
1195011495
1195112378
1195175984
1195600071
1195706879
1196483760
1196568255
1197043179
1197827856
1197913680
1198144157
1198148566
1198266386
1198344259
1198444292
1198554159
1198971942
1199168324
1199307613
1199733152
1199952983
1200264559
1200337729
1200472205
1200540785
1200553440
1200585699
1200614941
1200711517
1201257538
1201428033
1201451731
1201900271
1202043311
1202109316
1202454020
1202657189
1202728741
1202857156
1203274124
1203808877
1204107731
1204623281
1204654597
1204863822
1205145305
1205226183
1205493383
1205555085
1205583617
1205791514
1205951927
1206074873
1206079638
1206656029
1207604198
1208057192
1208222184
1208456954
1209180936
1209349899
1210915967
1210997039
1211044401
1211085052
1211114314
1211306734
1211709575
1211785301
1212179808
1212513136
1212656141
1212786864
1212919079
1213190633
1213288931
1213595399
1213844397
1213907253
1214106927
1214262256
1214324467
1214967864
1215023294
1215207093
1215458424
1215563471
1216176079
1216185093
1216186667
1216374284
1218174702
1218341939
1218350546
1218633552
1219070272
1219411037
1219543513
1219760938
1220007131
1220152280
1220202714
1220761911
1221105080
1222017519
1222044518
1222657536
1222828299
1223034121
1223047440
1223323430
1223466072
1223669340
1223856908
1223889426
1223936309
1224383663
1224468101
1224519296
1224610804
1224642144
1225062029
1225075583
1225215328
1225363306
1225399868
1225565374
1225668396
1225671989
1225963212
1225977116
1226384255
1226408028
1226920543
1226927401
1227750684
1227801326
1227855187
1228049316
1228302927
1228737034
1228760248
1229548758
1229779920
1229806936
1229876617
1229893649
1230128352
1230367801
1230850931
1230919727
1231174200
1231516022
1232231504
1232259994
1232379969
1232564191
1232669774
1232921307
1233572372
1233699242
1234051614
1234470206
1234482937
1235686072
1235812421
1235851155
1235997035
1236629474
1236774008
1237023012
1237245853
1237330045
1237829042
1238134035
1238285954
1238621501
1238753663
1238787181
1239102843
1239288551
1239586933
1239783919
1239838242
1240043722
1240174221
1240253068
1240313032
1240333740
1240659031
1241016650
1241330036
1241894345
1243010395
1243120405
1243308239
1243365584
1243881220
1244172516
1244443848
1245174819
1245183654
1245185574
1245891370
1245930998
1246250750
1246383452
1246484414
1246522401
1247541208
1247863177
1248736614
1248881412
1249112020
1249212905
1249625240
1250195004
1250294339
1250669310
1250709235
1250817716
1250878355
1250953599
1251012971
1251541628
1252007653
1252095633
1252369666
1252505617
1252560667
1252711596
1252811431
1253255472
1253489330
1253756739
1253978721
1254444132
1254463599
1254472874
1255056833
1255396640
1255482167
1255595652
1256229262
1256270644
1256310512
1256313316
1256960784
1257058113
1257125365
1257420675
1257491905
1257604338
1258047579
1258477619
1258553548
1258844771
1258853910
1259133165
1259164264
1259191932
1259194800
1259340527
1259522706
1259867161
1260008623
1260450213
1261628634
1261815521
1261828954
1261839472
1261916486
1262260042
1262720356
1262757867
1263037529
1263178502
1263187845
1263778015
1263948838
1264206035
1264409535
1264677982
1264825670
1264840102
1264967014
1265266269
1265331161
1266097235
1266129718
1266292205
1266837214
1266847002
1266991391
1267050147
1267501090
1268072715
1268393155
1268626937
1269594147
1269694504
1269840986
1269963006
1270283152
1271007090
1271071771
1271301637
1271706253
1271793375
1271839017
1272003026
1272293659
1272460663
1272547911
1272562543
1272739486
1272741709
1272833191
1272836723
1273380311
1273633036
1273968112
1274149733
1274565239
1274854023
1275311866
1275344502
1275522217
1275939369
1275940875
1276071885
1276232578
1276373433
1276875153
1277114334
1277277899
1277396520
1278188729
1278879052
1279259028
1279379733
1280107588
1280647891
1280756386
1281080956
1281095784
1281114136
1281176695
1281507866
1281604108
1281684051
1282187599
1282430393
1282810877
1283561141
1283720703
1284101918
1284112085
1284223201
1284356285
1284411227
1284938590
1285138687
1285494626
1285562468
1286082493
1286983428
1287552356
1287595447
1287876952
1288029130
1288073012
1288091808
1288310889
1288492129
1288650133
1289057943
1289185906
1289824321
1289887892
1290266672
1290325793
1290404804
1290618997
1290706997
1290873852
1291065185
1291086570
1291096485
1291195783
1291284170
1291598695
1291775649
1292296721
1292685415
1293177868
1293201863
1293204568
1293296894
1293355337
1293930323
1294238885
1294250403
1294564394
1294573920
1295250596
1295404283
1295500661
1295589310
1296084700
1296234894
1296376492
1296603259
1296900395
1297158076
1297210552
1297278795
1297471884
1297619960
1297623856
1297688842
1297692409
1297695458
1297909897
1298413688
1298470415
1298550596
1298603876
1299000984
1299825301
1299981721
1299987575
1300013996
1300284811
1300433790
1300513699
1300630098
1301086440
1301176321
1301316924
1301529153
1302076822
1302077018
1302312952
1302881477
1302922288
1303102839
1303114103
1303141779
1303297693
1303475999
1304093133
1304429911
1304940600
1305336196
1305383019
1305471624
1306275630
1306303245
1306387836
1306556303
1306632856
1306907404
1306999016
1307254407
1307349289
1307374030
1307629635
1308299601
1308332754
1308370256
1308400690
1308712912
1309422236
1309653968
1309696705
1309897671
1310239821
1310730282
1310970813
1311068727
1311161849
1311281596
1311564959
1311669573
1311886996
1311949641
1312187702
1312218373
1312324159
1312391042
1312826489
1313085980
1313623192
1313861245
1314008242
1314082706
1314585250
1314607966
1314850346
1314865666
1314908764
1315191087
1315796761
1315843837
1316310060
1316602444
1316851569
1317087615
1317426417
1317458609
1317897268
1318005646
1318039568
1318647321
1319145853
1319178927
1319373615
1319603777
1319990613
1320557664
1320558875
1321005117
1321108528
1321212679
1321695801
1321814723
1321891136
1322065123
1322345625
1322512935
1322570116
1322601514
1323102667
1323127388
1323385883
1324580687
1324907798
1325106154
1325702008
1325704939
1325884632
1325950903
1325956298
1326182895
1326244013
1326482158
1326728629
1327128165
1327177955
1327444145
1328998167
1329382639
1329504080
1329598256
1330186225
1330412200
1330450339
1330530299
1331018603
1331583142
1331884806
1331983583
1332197753
1332422323
1332516973
1332984783
1333407760
1333538080
1333937869
1334574901
1334752225
1334910252
1335668411
1335948585
1336444372
1336649284
1336928691
1337183120
1337243917
1337433115
1337704868
1337874100
1337999437
1338147675
1338213440
1338413970
1338701719
1338747309
1338747459
1338992899
1339164505
1339606237
1339689992
1339827378
1339965099
1340308384
1340338787
1340448488
1340879984
1340958880
1341296721
1341375446
1341610044
1341975056
1342053711
1342080591
1342360068
1343114303
1343126720
1343378555
1344061354
1344083825
1344292400
1344681884
1345102228
1345200861
1345550707
1345628746
1346035121
1346145647
1346263220
1346797588
1347266117
1348236777
1348431598
1348504672
1349076042
1349472653
1349768911
1350159053
1350283521
1350306106
1350308169
1350483558
1350800966
1350984371
1351033952
1351182144
1352211404
1352276923
1353181534
1353184864
1353234775
1354141620
1354260034
1354453644
1355400948
1355463025
1355604734
1355799693
1355825340
1355963250
1356449531
1356936561
1357033555
1357096799
1357303388
1357722865
1357760307
1358029250
1358264463
1358503382
1358650959
1358926514
1359289553
1359829526
1359909107
1360299229
1360317904
1360355863
1360561813
1360681505
1360858145
1360915567
1360940288
1360997762
1361062580
1361303787
1361510643
1361565248
1362133676
1362135764
1362270222
1363504249
1363533206
1364249839
1364997639
1365311776
1366391801
1366392698
1366424935
1366721265
1367804322
1368395304
1368485196
1368622515
1368889835
1368917161
1369288574
1369912388
1370523544
1370576326
1371019970
1371280696
1371730455
1372043694
1372386250
1372523134
1372709264
1372733079
1373216964
1373230645
1373433321
1373524642
1373655366
1374103033
1374593790
1374640026
1375446446
1375623995
1375766628
1376752082
1376939842
1377181133
1377358222
1378590659
1378681888
1378704507
1378739363
1378750577
1378987495
1379434482
1379732579
1380148086
1380201420
1380855115
1380951657
1380961953
1381168987
1381521943
1381548597
1381638488
1381819787
1382238586
1382386099
1382397109
1382523788
1382942156
1383316198
1383580711
1383793128
1384430649
1384611274
1384751636
1384978414
1385744633
1385923989
1386020042
1386551715
1386627882
1387179935
1387874581
1387937947
1388681553
1389018298
1389228187
1389337720
1389509089
1389548022
1389753609
1389915330
1390504337
1390806724
1390846280
1391432129
1392054286
1392433619
1392459322
1392527919
1392771477
1392939753
1392948732
1393354498
1393740343
1393810141
1393888693
1393920675
1394259091
1394264111
1395008835
1395793316
1395811315
1395844885
1396041590
1396136024
1396545118
1397069098
1397466999
1397480021
1398063414
1398411493
1398712152
1399390131
1399394134
1399619782
1399702361
1400344846
1400975765
1401143886
1401179361
1401348849
1401421912
1402041821
1402221040
1402604398
1402972407
1403090307
1403440024
1404032831
1404190440
1404238806
1404351753
1404378582
1404563011
1404575787
1404719257
1404943063
1405793310
1405881954
1405948132
1406425146
1406669161
1406669875
1406704660
1406939670
1407033004
1407054017
1407058738
1407323426
1407323550
1407389282
1407450248
1407821191
1408568630
1409096253
1409988943
1410096552
1410139531
1411311871
1411573220
1412085635
1412120247
1412725594
1413334752
1413786011
1413905427
1414208911
1414549610
1414800722
1414883572
1414902167
1415297238
1415682864
1415683608
1415688098
1415871714
1415998696
1416094507
1416193417
1417229671
1417348565
1417397044
1417574228
1417631240
1417917062
1418049287
1418114894
1418123519
1418360965
1418676680
1418919455
1419301973
1419304239
1419491511
1419667659
1419836689
1420405644
1420588322
1420611433
1420787153
1420791443
1420924776
1421315479
1421363281
1421708428
1421715983
1421735793
1421869782
1422339919
1422545036
1422583458
1422947185
1423058815
1423203112
1423423389
1424011362
1424672188
1424736883
1425080197
1425696218
1425717785
1425833037
1426126165
1426154818
1426357668
1426379675
1426622097
1426852857
1427657557
1427766266
1427848969
1428017038
1428214987
1428453019
1428568023
1428636228
1428659609
1428764202
1428921150
1429601627
1429750432
1430044967
1430229616
1430363727
1430455423
1431123479
1431163597
1431399823
1432802773
1432995464
1433297786
1433334152
1433532472
1433700695
1433883938
1434120050
1434569497
1434618022
1434983730
1435011166
1435688373
1435702470
1435930296
1436062591
1436635958
1436774087
1437437001
1437798939
1438398508
1438570220
1438723049
1438780698
1438853982
1439162462
1439536982
1439657887
1439875621
1440168104
1440213918
1440368608
1440397975
1441705062
1442166442
1442428869
1442997260
1443298560
1443356775
1443419908
1443515875
1444112880
1444552479
1444697815
1444910597
1445288622
1445497127
1445728928
1445829127
1445909038
1446111608
1446192459
1446294868
1446392001
1446632462
1446639745
1446681729
1446998662
1447911615
1448290516
1448386475
1448408088
1448975473
1448987572
1449146487
1449164426
1449219223
1449492444
1449841842
1449877466
1450342674
1450522268
1450859798
1450928029
1451233384
1451582846
1452025171
1452037942
1452038957
1452138081
1452165593
1453060598
1453081175
1453394071
1453439909
1453566058
1453621753
1453818185
1455099110
1455112016
1455241667
1455256340
1455269472
1455635279
1455637294
1455703036
1455849302
1455947922
1455993706
1456736937
1456751703
1456880946
1457238065
1457280112
1457349768
1457481849
1457971030
1458155495
1458252367
1458405217
1458445775
1458782288
1459189928
1459604747
1459825241
1460080611
1460302242
1460354068
1460886791
1460917535
1461316580
1461393158
1461560613
1461718763
1462299646
1462339566
1462849916
1462883028
1462981751
1463101877
1463443049
1463494312
1464012959
1464177376
1464779438
1465103538
1465202222
1465236271
1465303377
1465388136
1466936138
1467399037
1467753515
1468400409
1469773326
1469900944
1470406758
1470423373
1471277038
1471454285
1471965489
1472055066
1472219470
1472219876
1472803963
1473263238
1473504945
1473720854
1473860816
1474144831
1474204520
1474270735
1474492401
1474658842
1474840729
1475693112
1475825196
1475883836
1476151413
1476381994
1476671304
1476855854
1477328125
1477335521
1477528292
1478023979
1478170200
1478213697
1478605373
1478720004
1478983511
1479251971
1479728997
1480727319
1481485750
1481956799
1482090613
1482442267
1482870541
1482897089
1482945009
1483045324
1484204124
1484338151
1484439594
1484513069
1484787081
1485251606
1485440201
1485499951
1486035385
1486229664
1486330793
1486351337
1486385893
1487339523
1487408157
1487409348
1487554979
1487639177
1487871433
1488042467
1488077645
1488250361
1488636007
1488991361
1489814334
1490259046
1490343237
1490519549
1490925414
1491052486
1491376372
1491743505
1491763910
1491812362
1492072936
1492284963
1492346087
1492376683
1492491828
1492763300
1492835460
1493906687
1494232234
1494236806
1494280547
1494675890
1495131069
1495315588
1495711264
1495964640
1496205120
1496290076
1496903952
1497174420
1497183686
1497224940
1497747199
1497995484
1498233707
1498467197
1498534647
1498598627
1499004336
1499060241
1499149217
1499948130
1500381694
1500461860
1500656853
1500728579
1501002150
1501297328
1501453841
1501525882
1501765442
1502292078
1502787809
1502827077
1503047966
1503437315
1503724628
1503751363
1504142709
1504262499
1504268968
1505624835
1506575584
1506653371
1506923072
1506957642
1507189269
1507793049
1507840520
1508556984
1508614765
1508628613
1508655389
1508741408
1508899694
1508920472
1509319596
1509415435
1509459776
1510091995
1510130045
1510320864
1510427179
1510623345
1510968939
1511383264
1511538420
1511663334
1511828144
1511977063
1512331501
1512478505
1512898893
1512980760
1513339854
1513532169
1513553537
1513795348
1514233027
1514970143
1515025315
1515205343
1515374064
1515467516
1515529020
1515946001
1516069657
1516526194
1516747387
1517240522
1517503711
1517796276
1518206115
1518216820
1518733121
1518777934
1518822876
1519324446
1519556836
1519657762
1519793618
1520108268
1520204270
1520415210
1520476722
1520549867
1520569180
1520660059
1520661199
1520667218
1520708221
1520886992
1520969102
1521081519
1521511460
1521571031
1522014594
1522496782
1522557222
1522935687
1523006776
1523403182
1523495393
1523777554
1524151902
1524359879
1524561049
1525001016
1525098331
1525368967
1525395542
1525878660
1526055587
1526144422
1526232998
1526729158
1526932181
1527121964
1527725217
1527786321
1528401955
1528451108
1528883659
1529203033
1529634835
1529864752
1530587443
1530648458
1530859931
1531122533
1531169910
1531238572
1531472494
1531664018
1531869555
1532644648
1533093699
1533175072
1533197774
1533295369
1533415223
1533424272
1534196472
1534716033
1534723798
1534792657
1535308098
1535557701
1535655211
1535662843
1535774333
1535848579
1535941554
1535971784
1536288831
1536349258
1536367849
1536628352
1537550452
1537876551
1538023419
1538131185
1538523306
1538616932
1538700305
1538824047
1538886603
1539115626
1539440760
1539454735
1539813870
1540108412
1540329692
1540550430
1541301481
1541598512
1541839670
1541910068
1542226736
1542389640
1542617352
1542842719
1542996261
1543159075
1543642801
1544097357
1544227591
1544371350
1544433372
1544762835
1544784634
1544943455
1545087574
1545369421
1545693684
1546117989
1546248510
1546597040
1546664720
1546678535
1546821652
1547431852
1547481946
1547570325
1547605381
1547725635
1547811491
1547867165
1548191128
1548687407
1548816378
1549119434
1549367831
1549703948
1550722098
1550890558
1550984451
1550986427
1551034809
1551353436
1551765910
1552069458
1552256054
1552594956
1552677239
1553097953
1553609582
1553799550
1553967415
1554480868
1554601871
1554697140
1555131568
1555390264
1555415402
1555531403
1555610103
1555632951
1555724216
1556047488
1556500833
1556985244
1557180623
1557359968
1558003991
1558316473
1558328945
1558494472
1558548835
1558727725
1558805928
1559266619
1559472065
1559492686
1559897522
1559906725
1560004881
1560316838
1560397053
1560871134
1560987133
1561423531
1561425478
1561434289
1561617825
1561730069
1561816833
1561847466
1561931945
1562140045
1562382215
1562633866
1562649317
1563594827
1563972789
1564086978
1564168101
1564337416
1564827352
1564861885
1565524406
1565622619
1565755881
1566177608
1566529336
1566570947
1566749508
1567263539
1567470023
1567700105
1568722910
1569089544
1569393335
1569976692
1570080990
1570132799
1570829548
1571020453
1571315543
1571512102
1571737728
1572373256
1572861604
1573247315
1573337482
1573406058
1573533909
1573668258
1573733609
1573926271
1575000425
1575058812
1575088186
1575903114
1575988928
1576817922
1576843183
1577231281
1577380432
1577531991
1577682176
1577773557
1577781608
1578322332
1578910502
1579194782
1579236470
1579237965
1580671546
1581015523
1581208700
1581344620
1581687632
1581843854
1582124040
1582260391
1582260847
1582414332
1582440007
1582580717
1582612618
1582922975
1583007096
1583085009
1583085427
1583109008
1583260849
1583293983
1583603238
1583849032
1583854360
1584144765
1584170905
1584603291
1584671255
1585567220
1585592696
1585779008
1586228351
1586303880
1586344825
1586930600
1586945036
1587519083
1587909558
1588071977
1588154176
1588854852
1588924860
1588925003
1589239627
1589257257
1589265329
1589686740
1589723599
1589785041
1590080675
1590133724
1590332340
1590562204
1590628262
1590699014
1590850519
1590856102
1591152783
1591186292
1591285020
1591354456
1591867117
1591913948
1592023756
1592085809
1592412442
1592584346
1593567192
1595209840
1595214299
1595746590
1596204951
1596605873
1596623963
1596860714
1597080504
1597612017
1598000544
1598448123
1599177548
1599256466
1599655085
1600716440
1600968367
1601395382
1601416453
1601426795
1602077928
1602225456
1602833878
1603444408
1603608137
1603693318
1604044540
1604249137
1604257927
1604398444
1604585873
1604873065
1605022434
1605248034
1605446617
1605540721
1605731351
1606681029
1606788842
1606979463
1607016412
1607309085
1607474938
1608002463
1608915511
1609050484
1609182577
1609254547
1609828216
1610250768
1610291190
1610481732
1610607129
1610677344
1610920413
1611159188
1611783641
1611883597
1611907643
1611963532
1612398788
1612449173
1613750284
1613948530
1614065430
1614526955
1615465598
1615604210
1616737575
1616774119
1617000093
1617150347
1617228677
1617368255
1617706145
1617988849
1618193820
1618524227
1618747822
1618806733
1618853441
1618951260
1619172183
1619213105
1619263297
1619296009
1620009202
1620074086
1620509540
1620826830
1621002543
1621119654
1621258680
1621358996
1621480467
1622739596
1623447753
1624165259
1624371356
1624824620
1624835878
1624884208
1625371844
1625410417
1625569896
1625590908
1625780298
1626187826
1626427965
1626552423
1626800663
1626953334
1627914195
1628002549
1628031538
1628043603
1628152389
1628237594
1628450602
1628875738
1629111460
1629125486
1629472149
1629578006
1629849160
1629896344
1630053411
1630079918
1630408771
1630628757
1631124632
1631382048
1631750252
1631836866
1632046861
1632182387
1632315711
1632391750
1632488618
1632639485
1633987639
1634448950
1634471788
1634602906
1635570303
1635781539
1635982392
1636040696
1636668823
1636714321
1636774198
1636775959
1637609370
1637815883
1638096560
1638329639
1638811812
1638948419
1639612333
1639777135
1640212409
1640704873
1640911629
1641202073
1642333763
1642734792
1642760545
1642834646
1642881663
1644037061
1644040614
1644102282
1644276390
1644405513
1644740727
1645434287
1645469753
1645522163
1645654897
1645677636
1645682089
1646222018
1646584488
1646755103
1647083584
1647176591
1647222464
1647392557
1647791858
1647830941
1648181856
1648259556
1648366077
1648619627
1648715232
1648800293
1649007246
1649326393
1649518720
1649804184
1650331601
1650341311
1650474772
1650673125
1650909972
1650989651
1651356929
1651409695
1651638458
1651975579
1652532869
1652682309
1653667781
1653676974
1653983062
1654123697
1654804654
1655311308
1655594091
1655737908
1656228388
1656529173
1657056593
1657124056
1657146801
1657398328
1657645308
1658434838
1659063795
1659130169
1659142633
1659301030
1659546825
1659547641
1659566669
1659634535
1659951380
1660130772
1660244726
1661156819
1661385727
1661841352
1661886130
1661895706
1662394699
1662504093
1662566722
1662840903
1662898336
1662900422
1663317579
1663661813
1663709322
1664055835
1664432326
1664464535
1664734543
1664771355
1664791436
1665062933
1665315823
1665675565
1666237197
1666339296
1667398176
1667432579
1668566507
1668696649
1668895078
1669238372
1669409140
1669413160
1669771880
1670100034
1670107501
1670592064
1670731786
1670766492
1670961944
1671200742
1671785358
1672229734
1672267721
1672327895
1672330708
1672783013
1672937300
1673470407
1673485899
1673593826
1673688322
1673762521
1674013450
1674023453
1674094629
1674542777
1674570408
1674914601
1674929853
1675297759
1676110608
1676593211
1676607563
1676778404
1676798894
1677092000
1677403461
1677566524
1679142256
1679194985
1679580130
1679600065
1679725270
1680200837
1680405967
1680461579
1680550063
1680762542
1680801767
1680988838
1681075884
1681444926
1681554066
1681601085
1681768612
1681819439
1682116493
1682787977
1683021263
1683911494
1684775594
1685233310
1685731655
1686349169
1686355287
1686579784
1686811172
1687553302
1687866478
1687897955
1688001904
1688097681
1688125693
1688995803
1689373542
1689998049
1690009222
1690120747
1691158584
1691483753
1691633276
1691673917
1692121779
1692132918
1692373380
1692380618
1692418465
1692540602
1692680339
1692722490
1692824500
1693350755
1694121442
1694274513
1695222901
1695606203
1695626532
1695940886
1696103128
1696325831
1696850684
1697470341
1697936199
1698086077
1698200719
1699134787
1699440927
1700072197
1700338744
1700396702
1700529124
1700597061
1701007153
1702748149
1702759034
1702993325
1703116103
1703173010
1703815606
1704008372
1704205527
1704580186
1705064562
1705148703
1705351129
1705373706
1705611946
1705847823
1706219509
1706246038
1706885776
1707072019
1707456519
1707989554
1708214478
1708720879
1708766924
1708892596
1709026594
1709176122
1709202989
1709273390
1709678169
1709760940
1709873612
1710011644
1710185710
1710866126
1710981728
1711112724
1711165550
1711253834
1711410528
1711458440
1711674782
1711882844
1711894493
1712089593
1712342355
1712365169
1712379506
1713265324
1713359845
1714015989
1714485523
1714811923
1715120370
1715792321
1716140857
1716233321
1716236971
1716277687
1716354264
1716708312
1716753728
1717212327
1717420219
1717620876
1718145330
1718164087
1718557705
1718858939
1718956905
1719463030
1719574992
1719865743
1719954067
1720437888
1720774349
1720876744
1720917810
1720944867
1722108932
1722159818
1722204054
1722252596
1722263624
1722431474
1722503757
1722730243
1722939851
1723007295
1723125575
1723449692
1723451464
1723623797
1723693441
1723823053
1723914167
1723923604
1724046279
1724100120
1724196345
1724350439
1724389308
1724971182
1725112389
1725273248
1725344660
1725369352
1725526606
1725655409
1725977365
1725985519
1725995829
1726056063
1726085219
1726206663
1726488076
1726912935
1726945872
1727310831
1727421197
1727527678
1727764562
1727806293
1728118654
1728278008
1728467514
1729118129
1729444224
1729840976
1730116748
1730537917
1730930799
1731354322
1731650054
1731838457
1731893740
1731901059
1732105910
1732254851
1732268411
1732499770
1732735668
1732742599
1732999701
1733203097
1733426548
1734082465
1734129800
1734160834
1734458893
1734553564
1735121184
1735264431
1735439144
1735547926
1735638097
1735678670
1735769727
1735813416
1735888899
1735943640
1735951948
1736170973
1736449080
1736502531
1736566971
1736715890
1736885526
1736885580
1737026119
1737973057
1739037680
1739170468
1739183825
1739922164
1740110548
1741664598
1741705908
1741726065
1741941932
1742199302
1742220818
1742331891
1742496890
1743219109
1743422429
1743450969
1743472763
1743526634
1743715672
1744158200
1744255689
1744261016
1744293354
1744311881
1744329522
1744548283
1744665010
1744850579
1744983149
1744986698
1745026994
1745036660
1745406175
1745438072
1745844146
1746017206
1746216326
1746789843
1747067378
1747101239
1747307894
1747610961
1747769433
1748617006
1748620018
1749129320
1749203922
1749518837
1749555393
1749571646
1749789124
1749857678
1749860061
1749905091
1750294036
1750512228
1750673324
1751850026
1752207318
1752746091
1752759558
1753440398
1754158295
1754309896
1754487374
1754551597
1754881877
1754912257
1754985300
1756147947
1756290139
1756568359
1756787854
1756868812
1756987502
1757234529
1757414405
1757888701
1757976649
1758438977
1758822272
1758845607
1758952813
1759427824
1759767431
1759835035
1759938963
1760202059
1760236661
1760274417
1760303830
1760597868
1760714546
1760998940
1761270878
1761426006
1761507814
1761828170
1761868995
1761906155
1761982373
1762355688
1763560990
1763686497
1764272591
1764694773
1764754795
1764971429
1765313008
1765870287
1766302014
1766324306
1766337892
1766983887
1767363257
1767413173
1767423124
1767603801
1767715864
1767801482
1767927608
1769009431
1769620869
1770060635
1770171630
1770173934
1770710519
1771437200
1771495289
1771644747
1772283660
1772337235
1772351801
1772612891
1772729085
1772868469
1772874383
1773789513
1774280834
1774799412
1775075884
1775120121
1775223987
1775510811
1775860669
1775956603
1776247924
1776558839
1776806186
1777138810
1777824491
1777830393
1778465565
1778764229
1778793009
1779199442
1779327509
1779522106
1779529083
1779921238
1780406566
1780566188
1780798622
1781063210
1781183093
1781329881
1782093406
1782159917
1782506296
1782681410
1782704131
1782731921
1783363642
1783720468
1783738521
1783765535
1783791051
1783922409
1784272190
1784313738
1784337867
1784527878
1785155708
1786042659
1786299606
1786375414
1787425144
1787649507
1787681701
1789020986
1789489929
1789893471
1791121263
1791226357
1791944845
1792193035
1792848429
1793457104
1793666145
1794051161
1794219551
1794435277
1794620185
1794784279
1794845387
1794911031
1795454370
1796381014
1796533865
1796552628
1796948646
1797271224
1797455803
1798391782
1798479127
1798516498
1798824420
1799035206
1799361054
1799524462
1799649772
1799838546
1800099329
1800176063
1800558945
1801670010
1801713963
1801800928
1801827681
1801859664
1801862477
1802435255
1802483797
1803105556
1803341647
1803399463
1803457673
1803762022
1804058120
1804751884
1805402652
1805434401
1805761579
1805766049
1806524186
1806929234
1807743453
1807789187
1807798869
1807881420
1807919403
1808092782
1809204077
1809769261
1810185389
1810258446
1810514548
1810707884
1810742875
1811283669
1811400679
1811434560
1811455143
1811729273
1811800632
1811928513
1812214063
1812623578
1813144725
1813512979
1813533064
1813660278
1813663529
1813775455
1814082405
1814416339
1814777894
1815234137
1815987201
1816137234
1816215873
1816377426
1816388223
1816877757
1816983760
1816991223
1817142568
1817237695
1817648071
1818422534
1819165055
1819281885
1819672367
1819956580
1820000631
1820022548
1820452552
1820503033
1820523616
1820601292
1820685367
1821839248
1821852042
1822493058
1822883314
1823121355
1823406592
1823834057
1823892532
1824494967
1824829233
1824858688
1824907511
1825197227
1825376893
1825631336
1825842027
1826296739
1826343793
1826387847
1826399337
1826550330
1826573758
1827593485
1827853548
1827911107
1828629373
1828639143
1828792949
1828879781
1829166182
1829347458
1829797032
1829798037
1830416189
1830420935
1830661934
1831178191
1831215492
1831272384
1831451362
1831491361
1831866046
1832206661
1832747876
1832937065
1833138765
1833869766
1834396109
1834565524
1834704174
1835071046
1835198603
1835265014
1835598055
1835682099
1836027065
1836066254
1837003688
1837295631
1837303618
1837498584
1837748078
1838489301
1838551327
1838983409
1839217033
1839390381
1840094935
1840188621
1840414048
1840430033
1840658517
1840991377
1841518629
1841566690
1842140232
1843359293
1843939930
1844855503
1845524438
1845789763
1845794268
1846296588
1846300484
1847081892
1847421066
1847651928
1847740882
1847834756
1847905314
1848151022
1848321518
1848735775
1848796963
1849199061
1849813175
1849973808
1850093448
1850790771
1851739437
1851762220
1851811103
1852072874
1852293140
1852499164
1852506073
1853002306
1853357068
1853511233
1853888689
1854443465
1854528789
1854555462
1854637787
1854727067
1854875985
1855280040
1855510791
1855687170
1855708771
1856515204
1856577111
1856639288
1857005575
1857209172
1857638791
1857745027
1858080775
1858637923
1858718289
1858983373
1859070071
1859974356
1860454091
1860682477
1860797159
1860860152
1861546170
1861554915
1861568816
1861694560
1861732210
1862768984
1862958658
1863481041
1863902303
1864072047
1864781805
1865383986
1865412395
1865869797
1865926668
1865950333
1866355499
1866413766
1866529422
1866635048
1866782516
1866809868
1866966673
1866997936
1867195544
1867371283
1867637254
1867814659
1868248438
1868285246
1868297140
1868297425
1868361597
1868671164
1868813373
1869095941
1869679843
1869785459
1869912129
1870055480
1870144524
1870896965
1870909168
1871154454
1871431216
1871496743
1871634732
1872087759
1872185908
1872449136
1872752528
1873280466
1873553162
1873745523
1874195554
1874441891
1875599239
1875776712
1875828025
1875838970
1875963262
1876413778
1876614512
1876767802
1877594328
1877706222
1877911543
1878630906
1878671289
1878803461
1878842679
1878881553
1879083650
1879272154
1879515932
1879791755
1880159914
1880639010
1880896770
1880948344
1881312172
1881398539
1882690896
1882728737
1883309936
1883501800
1883953803
1884039308
1884678865
1884908516
1885310130
1885336760
1885589251
1885887638
1885938474
1886143700
1886758930
1886826850
1886995465
1887521775
1887842384
1888122835
1889491760
1890016062
1890044467
1890074184
1890278624
1890504535
1890669477
1890991383
1891008510
1891221950
1891242313
1891299959
1891551986
1891801171
1891839366
1892007049
1892016236
1892505803
1892525903
1892582385
1892788878
1893193005
1893320595
1893369488
1893616217
1893702500
1894145518
1894400472
1894796157
1895433126
1895501790
1895826956
1896047655
1896194376
1896237654
1896362009
1896629792
1896917309
1897580730
1897819047
1897870173
1898650428
1899295305
1899470601
1899504923
1899613134
1899790019
1899999429
1900136025
1900199222
1900335622
1900553266
1900642098
1900672342
1900704458
1901058561
1901101202
1901431478
1901804007
1901835931
1901988632
1902413258
1902432750
1902599496
1903222028
1903262481
1903383129
1904190149
1904230213
1904287748
1904469149
1904623475
1904984419
1905440650
1906062335
1906275460
1906732523
1907060386
1907424046
1907479540
1907815961
1908020701
1908046416
1908205089
1908231992
1908560750
1908569533
1908776635
1909007567
1909093928
1909103740
1909253754
1909690185
1909879683
1910247830
1910253463
1910376350
1910740791
1910945306
1911006630
1911515803
1911793666
1912267460
1912305499
1912444870
1912579953
1912661068
1913095226
1913195597
1913261637
1913369691
1913432908
1913711053
1913872452
1914239155
1914866576
1915038937
1915492759
1915827024
1916526467
1916766841
1917037554
1917685668
1917876664
1918384825
1918393002
1919279322
1919359314
1919461950
1919531345
1919752997
1920110327
1920251191
1920324978
1920726421
1921917882
1922064068
1922168014
1922540330
1922822209
1923349902
1923553266
1923727250
1923753830
1924210152
1924773200
1925068376
1925410192
1925417018
1926048890
1926555926
1926889176
1926890670
1926954272
1927444316
1927536548
1927696622
1927909506
1928093162
1928973238
1929011065
1929103915
1929186891
1929318594
1929362456
1929456780
1929687706
1929704679
1929765065
1929877608
1930147425
1930150164
1930505987
1930556672
1931560610
1931678554
1931741152
1931982269
1932549106
1932566543
1932705268
1933306736
1934005836
1934199713
1934479613
1934749446
1935626020
1936029961
1936197345
1936208826
1936909688
1937012090
1937123130
1937685683
1938119847
1938514530
1938630857
1938921552
1938985247
1939430856
1939529628
1940521209
1940666273
1940868084
1940877854
1941340316
1941855602
1941891806
1941970363
1941976372
1941979692
1942028043
1942145665
1943242739
1943688671
1943755541
1943875571
1944025619
1944567185
1944753332
1944865810
1945037586
1945070403
1945570401
1945794827
1946191474
1946469511
1946542624
1946551775
1946592435
1946647492
1946890261
1946905816
1947067522
1947158712
1947272222
1947406726
1947729206
1947845447
1948167957
1948256636
1948330912
1948512454
1948549227
1948963703
1949069314
1949224861
1950070589
1950119243
1950521951
1950898355
1951124822
1951165929
1951192219
1951559803
1951597348
1951885455
1951950828
1952174236
1952612012
1952653825
1952775566
1952821888
1952939068
1953335584
1954049686
1954055720
1954200300
1954445579
1954506296
1954512507
1955225789
1955282866
1955520159
1955587435
1955809726
1956411935
1956466473
1956761400
1956844506
1956945067
1957032207
1957075064
1957401320
1957413268
1957419940
1958044363
1958059969
1958148143
1958334067
1958959506
1959092928
1959506866
1960163116
1960204334
1960258694
1960429273
1960867103
1960991421
1961098383
1961292453
1961454532
1961490466
1962023116
1962097359
1962208672
1962244695
1962641148
1962869528
1963140321
1963266663
1964434920
1964579198
1964926503
1965381651
1966707964
1966774008
1966959815
1967309183
1967326398
1967377451
1967539506
1967715240
1968020412
1968064207
1968123459
1968427582
1968588651
1968712743
1968931097
1969201435
1969750298
1969912091
1970165534
1970443423
1970528754
1970541418
1971238632
1972006027
1972395848
1972729070
1972905628
1973283500
1973311845
1973437751
1973443705
1973644494
1974094783
1974677586
1975027363
1975389274
1975500679
1975542826
1975603277
1975909553
1976542139
1977386426
1978098278
1978333930
1978850310
1979393886
1979878410
1979968705
1980116949
1980412482
1980815032
1980848223
1980995367
1981166920
1981354773
1981696178
1981784609
1981805631
1982010959
1982042784
1982126199
1982228494
1982291762
1982830123
1982894084
1982960549
1983617703
1984092918
1984202997
1984358005
1984766443
1984918294
1985207489
1985279754
1985395177
1985563641
1985822987
1986180892
1986790823
1986888634
1986976428
1987141416
1987446958
1988177299
1988347396
1988685142
1988710535
1988823744
1989039262
1989325003
1989969660
1990122008
1990613933
1990696098
1990905919
1991010905
1991216146
1991458285
1991613962
1992103445
1992282489
1992358696
1992457302
1992478247
1992595540
1993095822
1993324345
1993775309
1993950759
1994577365
1994698337
1995359866
1995386629
1995421288
1995559699
1995660371
1996335944
1996728701
1997286873
1997593135
1997684960
1997724532
1997814437
1997933112
1998070672
1998554990
1998557747
1998860457
1999342688
2000019949
2000181130
2000367085
2000565997
2000874170
2000962264
2001109627
2001411894
2001510393
2001597668
2001917039
2002842415
2002917883
2003656693
2003804739
2003821629
2003822341
2004390053
2004470754
2005235699
2005308056
2005510816
2005682685
2005735991
2006100375
2006375301
2006422027
2006826048
2007353310
2007458903
2007602003
2007744246
2007830070
2008463790
2008584249
2008886379
2008976973
2009293977
2009610958
2010000126
2010085883
2010148693
2010569766
2010578199
2011052682
2011057271
2011089426
2011202563
2011295510
2011391513
2011776401
2012287317
2012753220
2012923930
2013064873
2013171985
2013219590
2013375627
2013881406
2014358150
2014564914
2014818514
2015388267
2015611812
2016013093
2016102999
2016521656
2016832401
2016927539
2017076017
2017102331
2017147924
2017510563
2017870653
2018019447
2018033778
2018424625
2018802979
2018898443
2019026173
2019134587
2019220082
2020061473
2020227772
2020294029
2020986587
2021172423
2021506116
2021788129
2021965296
2022262238
2022532445
2022556917
2022870980
2022960909
2022976649
2023056661
2023158623
2023227196
2023472081
2023733530
2023759749
2023803108
2023850709
2023940666
2024068802
2024290351
2024650835
2025063443
2025446586
2025497698
2025568442
2025612057
2025999778
2026272004
2026807517
2026831283
2026862134
2027207475
2027564330
2027575381
2027615291
2027969097
2028037445
2028786358
2028793153
2029351961
2029908255
2030249697
2030698884
2030818142
2030880844
2030950377
2031138999
2031183713
2031424543
2031472631
2031603367
2031678436
2031684581
2031888643
2031932725
2032115668
2032144356
2032726441
2033019176
2033154839
2033193080
2033568283
2033570301
2033951081
2034546513
2034573579
2034915082
2035004936
2035014321
2035069238
2035398011
2035511446
2035661180
2035705482
2036095204
2036445868
2036694620
2036986463
2037157341
2038556980
2038566064
2038570673
2038615962
2038642530
2038800035
2038999625
2039320761
2039676960
2039734710
2039776684
2039778293
2040050371
2040136309
2040183105
2040514375
2040790926
2040933443
2040972693
2041672180
2041826584
2041877085
2041918392
2042461887
2042667755
2043183863
2043241761
2043414125
2043733145
2044585930
2044609977
2045300893
2045585480
2046072643
2047122130
2047933883
2048019894
2048723238
2048914372
2049442682
2049779844
2049888165
2050024268
2050139372
2050555265
2051289568
2051344699
2051375236
2051522777
2051737783
2051901065
2051973049
2051975028
2052213288
2052244657
2052501674
2052616186
2053339546
2053442816
2054081527
2054682997
2054772555
2055368657
2055540717
2056295499
2056756294
2057691211
2058137455
2058208505
2059050373
2059378458
2059439613
2059528951
2059736536
2059802891
2059914038
2059980897
2060306556
2060619469
2060825535
2060951717
2061083391
2061198369
2061389562
2061416154
2061482882
2061593783
2062600046
2062911132
2063395931
2063601411
2064256095
2064448197
2064645379
2064961659
2065093103
2065410644
2065562130
2065897581
2065906810
2066185979
2066304859
2067367419
2067442517
2067952418
2068454223
2069037273
2069338503
2069475068
2069675575
2069934621
2070022460
2070505718
2070800354
2070941058
2071047778
2071807519
2071913916
2071977689
2072333544
2072577283
2072603631
2073045273
2073307707
2073578633
2073981035
2074781445
2074863510
2075942130
2075972377
2076142658
2076186884
2076244278
2076476245
2077581360
2078254534
2078264950
2078988666
2079975930
2080014854
2080396057
2080470409
2080555787
2080867264
2080968514
2081102670
2081108486
2081701229
2081830668
2081899752
2082367209
2082999034
2083128450
2083199181
2083670580
2083897123
2084240773
2084655749
2084740553
2084778934
2085124250
2085865273
2086499949
2087082822
2087973632
2088689808
2089044487
2089218788
2089230632
2089381078
2089513128
2089660022
2089754735
2090017426
2090046772
2090354049
2090726027
2090769294
2090930263
2091503983
2091509239
2092049053
2092259086
2092601489
2093282457
2093394986
2093423333
2094008508
2094081624
2094451447
2095009162
2095016349
2095365431
2095481432
2096253540
2096921441
2097283097
2097683661
2098157003
2098220455
2098518056
2098682643
2098775860
2098787567
2099503153
2099664258
2099693414
2100027421
2100310020
2100354956
2100519216
2100524038
2100667598
2100748768
2101041913
2101356903
2101534512
2101878491
2101910053
2102105056
2102305929
2102491458
2102612081
2102744555
2102858903
2103247059
2103354270
2103480262
2103482543
2103519917
2104027152
2104169464
2105293658
2105341665
2105455842
2105478225
2105777290
2105834661
2105931049
2105954441
2106186327
2106740166
2106950578
2107608740
2107696514
2107816235
2108133311
2108954324
2109013094
2109228372
2109324277
2109378897
2109392716
2109400118
2109835479
2109888015
2109918065
2110286007
2110579751
2110619457
2110650913
2110801772
2110953968
2111308930
2111348957
2112019886
2112420433
2112559919
2112769679
2113024286
2113230686
2114354341
2114502140
2114725806
2115075945
2115457079
2115477517
2115583077
2115611200
2115758323
2115948167
2115972918
2116154768
2117001866
2117026830
2117031204
2117348723
2117689724
2118039603
2118330437
2118523953
2118791944
2119399611
2120160989
2120180530
2120393824
2120440230
2121063568
2121109468
2121135375
2121168494
2122105126
2122144122
2122245366
2122605587
2123018122
2123117285
2123673933
2125113587
2125169896
2126372884
2126469591
2126516078
2126534692
2126636746
2126656089
2126978954
2127002841
2127115064
2127293912
2127483003
2127506769
2127706399
2128259214
2128551655
2128797485
2129383223
2129619018
2129859761
2129940191
2130808725
2130827058
2131078774
2131314771
2131573309
2131667336
2131752795
2131762109
2132396280
2132955783
2133179717
2133404726
2133701447
2134283448
2134748593
2134799651
2134824172
2134881520
2135610097
2135634862
2135798898
2136487567
2136577165
2136596770
2136806664
2137129627
2137228148
2137241374
2137478935
2137621909
2137819803
2138036817
2138096577
2138131966
2138147257
2138336454
2138412308
2138483928
2138523960
2138664874
2138714651
2138864335
2138880417
2139432287
2139480654
2139508102
2139947030
2140061885
2140331470
2140360930
2140363253
2140758749
2140997897
2141942434
2141976388
2142071139
2143154692
2143600184
2144237473
2144259211
2144403551
2144469045
2144512252
2144737564
2144927316
2145174406
2145177280
2145340587
2145484649
2146281174
2146320147
2146321912
2146867915
2146879807
2146981703
2146988362
2147021609
2147220012
