604557832
1953125070
415760426
288484419
1548253494
1993664275
1878370500
495623037
1448188335
1779977497
1839402469
795866711
297356271
1989857350
1868616653
1811851932
2057312468
1467314606
81819494
1414836880
1350708090
641872205
1510709242
701079989
1566932804
2096328929
1333848582
316847162
425044988
1984457314
1393837350
225979137
1513427474
7885855
689200943
1477451339
1768245505
661482614
795862619
1615565059
2076496335
1711458096
1451019423
1225076387
1797140403
466310775
725595673
621657543
1250207952
2090223988
29269157
568914252
2069696800
1875671689
1783159439
1764614692
1125458284
2038712104
1271918178
970529722
670170231
23382862
1519348191
1905444092
1845929019
1237785248
1517788682
1732907018
778912075
328446240
255178334
1429191289
1986674263
46396812
426579232
1252788292
139352526
399722323
1826677456
1812546383
1692200862
1365815861
990503612
64121241
1003347223
1455030646
134463152
1106662399
1356234989
1346014398
1576934344
154812327
1989900636
884193424
1620109926
2030781455
1780802150
1250608229
446202686
1055711154
1778972216
660021348
901071758
943416660
815600043
614868161
458455659
89895915
1983594213
461153455
2136709431
1734230826
137005088
1718908675
1232582959
1194471082
1813673091
198946407
844802081
308644279
327561516
1067244343
2143669818
263906741
198838351
1536381179
1330536189
1513133358
1610475640
1239681409
574056272
1779750265
1746001388
799235991
1530751665
1510648071
1893040173
1343847266
1795776902
873843789
2072081821
2113595998
1145834129
1568722762
552226618
1971879155
845128066
777452980
162930312
1482761136
1541221542
719085507
492980108
1132602918
1861465022
1703460249
1357721844
488484196
2057490922
53423948
1817154644
1614101514
727659716
399139730
631984267
786779660
306100874
1233020680
106020932
61405701
749928819
1935889951
1185003160
556797493
1664375330
121176995
39674833
625984281
204222264
2061123049
295339082
1706933670
1158484996
1019673749
787700594
1447476001
251120726
2097635589
1078271215
2074992797
1773125489
429790046
875595231
1240942610
337012766
1717511729
1977321529
1747977495
1141666781
1474906825
2118060626
812612413
26239799
995213331
750378108
1550942215
1029545263
208668202
936519369
996565641
793511894
1245511807
2099294445
1544393372
727668734
1141493922
141919809
1887519163
1727425030
369972143
1148950500
2061825917
83760596
1150012503
446242556
1225700271
764415970
558556042
1722065178
1625413645
572361071
935119294
560109755
286045085
743334357
468706015
951968747
768420265
1715002106
1803355859
778910469
2096008791
866312928
84213928
525996437
385512166
213722200
720279133
599876446
121092999
2086219988
329319242
130879351
741275862
1763652953
17526572
1852605328
1419812595
2010958995
831032273
647862610
415847489
1271767042
1974870876
2051188709
521810363
836217427
2085290294
1261497227
1909354222
1614810314
183648146
2003993961
2108003223
2054851034
542745498
585725286
824240345
1065670359
1754354235
380964908
1217692698
1239422658
1949681546
1947308876
1640490364
500035652
1094818513
1359059326
1466418163
169595062
7551291
722161925
952779016
1755188829
210460951
600798769
1730174505
916831155
468436940
173945854
1640181162
1582767584
904524890
1661873370
494459228
83089480
1914763400
1750863236
636827848
520814397
1506628272
1578970128
1461408009
322069461
745071139
590730503
1212201027
1905232599
368146490
355207339
1015641796
1730928847
220409850
1450805848
2013437877
1995889985
1394103907
546063365
2064350076
1485956858
382946645
1662132202
411090354
1236069249
1121153824
865966652
1956307132
1459076013
1469888678
84045076
1244160264
211509072
346697775
1360910445
1130246630
1424994833
608075465
3418188
646211072
970242904
579451482
1455766266
183149944
2128368482
1951063620
1607723373
2003807132
258459508
84648115
2050511813
1126213192
1160138540
737677958
1507013618
1571352793
1276921074
616567767
695761010
1847084233
648557454
1854359337
575244600
1519196652
83487444
1984482605
2098968744
70422598
289467770
383693617
1485669055
73194887
932882954
464625190
179657808
1325717540
463343858
714333260
973010025
1410521618
1550399929
638822268
1777854932
1836242209
1282337100
105054737
1822103225
2003768052
520940407
657471604
658093153
1357691545
407982447
548450627
2106833173
1635571145
174311307
726685214
707064357
761671613
954815507
349339406
507673604
2004354986
1619783985
274066065
1199331985
322646235
2092209156
695987270
1005654896
798415467
110973652
2139855921
1224559767
1004001435
810187871
1208774828
1158648037
1121774038
1590989394
341855467
780696812
2006454590
1188706515
1109110314
1217508815
851230962
588270907
1926971765
1205480519
619982303
1893168609
1757465619
441208256
1458358080
1285659922
1026945168
104523168
649030579
1558636828
1320286822
1229688999
1869911545
1435558793
2024307272
162645105
1885166410
1882956138
421076234
2067500313
1385674067
580378313
102090544
1969308408
1983066573
1488330560
26910481
706452107
1038270907
741475751
1541689255
47681650
381289024
1949709544
514551286
1335219093
356514074
138685424
720407319
473657185
1922490047
632336062
770907361
997431344
1922576402
1157394077
153487154
2036243399
406708674
1371128686
1998008287
684201976
1411723072
413886495
552347446
1407105384
1862606682
1632980024
1810665260
529130603
2000320633
1098362004
1026788136
1117637131
1722580595
1392362796
1839997546
1316260648
15299598
183275023
1452351258
