1970781544
1764221376
1922361447
206803949
916361714
922223023
1204504290
305229643
399734088
121331827
1470996622
2002119942
1479736845
518861620
1533406562
1951322558
1629267540
582627853
91427798
579435034
1863618605
781994293
968243722
1908125889
644599009
593081170
627437707
1946304635
1743928516
1426139879
435346620
329236590
764394924
996016350
622536917
2059024508
1272118795
493749815
499228563
166222786
1592453791
1145067226
1245378932
1508849459
800869578
393163648
289898917
434066010
2138558346
1925200068
1215879298
1827430454
970801422
1283285327
83048898
1090829880
1524074218
938369321
938429493
1417027425
1005673201
1847396389
1589453107
670228862
401442470
501250413
1944758683
1798285965
1261302615
237643315
1345816188
1261636657
288064718
1675401600
2144189276
108071768
850220204
372196126
443181083
1711966710
1951433819
250318761
291197052
1831121122
501906343
1371978684
806721352
761698263
603851250
283177022
1297068822
241404301
1702920203
992302548
445924019
1194222077
1478916257
285732200
483723043
1034331323
16819553
1343036384
87877962
610404725
1224185505
1187247843
1207800114
310729874
1163006911
143098060
2126034161
2056106478
1250179603
932454842
856614190
2115438522
1202600069
400935863
1466776904
188192632
638590404
117987341
973667612
942617371
2045562652
1806093232
129217129
907029573
813751786
1616335053
796145626
1389061026
1567789494
1660998521
943222696
2093694570
471276773
1449414525
2032222178
170483708
2125828625
2096037189
1652422226
631842206
1311952895
1747168241
656792069
1276969561
1273641524
968930940
119427183
198637816
411415596
611131921
788634673
1901892136
1175188784
675976053
721804161
1793903796
397863627
829090198
779455532
1067099616
68452321
234318650
746748739
217118701
672841316
1089770954
1060742743
56921267
81060268
1276689222
211956843
946299490
1539411817
1011137867
1985694829
1692155995
1552092479
334844744
16527208
236182067
599845110
781740487
665820226
176479952
1739532629
641026272
94315301
875983268
1899609490
795299776
1868869253
695774222
1442021743
1097479007
914368454
925426904
1899940844
1107545672
1499250047
1249876947
324148892
110276490
1935995238
1835272086
828255135
1368504004
1067332562
1335714653
1473447987
2040015702
954495712
1863596806
1899037167
493018283
650355515
634262318
1905667221
1592129964
750315651
1334045555
670326410
317222215
2029429585
180893899
908849644
240692772
457067229
1086526984
1406025800
931663729
94410821
1723566199
1822912239
1726267597
261630322
538105494
50446828
1707330392
496787872
1847791354
1920813980
1567848930
1201270146
465304907
771059425
1044625977
22278408
266464095
1508002300
747971989
137135303
823635067
1804517375
1181777446
534038780
536973488
1224505059
1908903878
1183609909
733019738
1208336452
1131250114
1535533972
931696571
1977221807
137349067
911954617
344371902
284416412
1902247938
718111043
1711335631
1002488325
801516585
337619962
580117728
1073793434
1142936557
2022137749
291825022
1929991831
185843287
2003716892
1004980506
1345371709
1733759067
568842226
1028225628
1834549217
884981376
395832697
1890349736
947296940
967139255
1424320089
1782395068
1017975784
558665537
961961319
263758186
13460475
2129669055
1677596711
1383241848
1011556347
813883749
1939076341
103847839
1841026533
60329282
1639998158
2028814760
793293170
1026172847
487098542
706738090
281354128
1664615392
2286238
1283997288
821937778
550326927
67549782
1507764688
719964237
448067020
1163264385
139275414
676652711
74109929
225751976
5163510
956021845
2124281739
693798327
2125645712
1871438857
1980689108
2139834655
270114150
942178702
467327925
491260063
494535161
1855472537
376911704
278299818
1714589833
867996740
1910672050
1456362862
872458099
2130857506
1224644142
1368561783
1040661676
2076371953
1522836092
1880054
1577092708
346671352
590365826
941636009
2011395518
2126751735
1450565218
502924129
1758601652
1468487357
1753303986
1659593506
1680891919
663020641
1273906882
460912883
426371723
387809303
701445390
926908475
341151250
1381021350
734537932
1951594188
1701249559
1223451772
660800921
639893384
1545807386
1810059878
892261957
1821705893
2041217859
400233191
1465352645
1123831190
885788702
381965867
1863068992
636069007
1292784767
1797884576
1902229817
1564882861
345451384
1248739370
881059812
812283320
2113044861
941515769
471521934
45201038
210668704
1111952129
2095821868
1854203686
1433935088
1782784268
1326075660
778903862
395559668
1091367543
1284445089
1226617978
56666702
849487487
802102896
1981859738
2086676083
670720063
2091778848
1119311534
2041122702
521755713
535272103
1018492265
1981295995
662962358
1178954393
1981504216
1058475753
2004121163
1538675603
1453153486
87607953
1647574944
877679820
1986961638
470829211
111273312
1921209027
453306668
1422250520
952462576
1464921868
1551794785
758236322
720728013
39362366
416610785
96495639
558025086
1158697215
243065131
725550204
1225486890
28903735
238224644
1963750902
1636481999
480513115
2099060289
404724971
159369240
2085633497
1420796455
772548672
1212017873
1877509289
714864761
2093111219
575364354
2128290555
872545559
911766625
230231197
415174404
1440568133
2078072154
1362846941
27753195
2026549399
891135591
1633550132
561961433
359327088
832497382
496319720
1881788454
1148782889
717420228
1309618499
86482087
197054429
680523680
1939469421
2001250588
1326297030
2074355721
325063904
621088703
669326411
401514198
893156734
186385391
1125498018
2059676842
1335739978
1720855555
455025684
671629715
1878885818
402659891
2010722793
1736430783
1634916525
2106274474
1305730794
488664167
142604038
301624495
358080133
1936163776
1049184989
1933409529
733485465
161393956
1493770325
277878553
558868694
1669787207
523084823
88347657
414815432
73004189
2025817698
1548512220
338116985
981589969
1301690564
2063601798
1171786681
1475903592
639327345
1180096467
1614298627
252512380
571578166
305906285
1857495813
880495772
530294034
1368854030
1301519299
1147785928
1006574697
545759436
1179926369
472649106
309525214
537295755
805022340
1219248472
1511305411
389
48972892
289714598
796852536
1039008508
1282301769
1186059441
1393863894
1397397769
246758175
1908894454
1803386125
1206845574
1060835088
1607497976
448194073
498778655
1691083053
1931362592
1880233365
131503487
1530827152
56916919
1965548467
430673309
253566753
1329146631
1339014417
2136620078
1317063675
1485080983
2116107057
540973613
335112051
1895936141
672711052
1862050701
1477354429
1749201958
2000557387
1523495944
1734868276
1176179800
4752795
981062409
109795644
1291943825
1808718500
1468349628
638329549
1342571920
1715069214
456758847
1318341271
495188073
521078920
2007063273
2097557701
517921182
81603069
1550266558
1269964392
411029856
1816145324
119534078
735810681
202198509
976282860
1668110794
775050882
1066961163
1053626097
580084223
51427042
1398591915
110108199
179666966
870599348
382375841
322434082
1629097792
599771987
219436935
266955319
1403606408
290753412
527279289
137829554
92451369
303531577
197439347
1611763372
806724344
1690414325
1679082767
1778539648
1120759539
1716304857
1017407587
2114245346
439182320
732264771
78889022
1349836947
1700312425
220849942
1634744842
109705405
1703684715
1062046627
680550021
1665539039
1932060839
453482538
1323759266
2034883949
582404761
345920260
229031557
507304959
316264156
832097128
1259865252
202293803
431574679
1589345489
457683712
31426041
1105774858
1654007809
853237898
2122202362
1201746490
1139853228
1742219418
2076474110
405197507
1324558012
904537746
490787176
1840441028
265698869
129536922
2084939047
121719276
65544381
1026466941
1680486731
542744235
894097858
1031497128
637152314
846233213
1153189440
1862464330
2073372037
1592811864
109088037
1102154639
1173967459
595266109
165313883
1093998846
633740993
346253028
1223997290
1387524859
1384741116
1197273225
56371392
549958239
365391413
1976089563
919600791
317790267
142495047
1040287244
1591006841
1803953331
433202782
2083466492
382243435
1852152830
1713970479
631185543
1841944235
1201887108
2146870215
1342339829
1463932703
1309073688
895374347
593727113
333494869
1371141725
609729987
839112234
151287849
1241952829
347283291
4216630
426752526
564476556
753639215
2130027118
831120116
1375137731
2058763145
1103479299
549127371
1254702304
391464754
590971591
880159146
1676952931
75950250
874227319
164230807
1015140203
1779020285
1354738988
125521387
1780410359
63768379
1665598442
174012249
1133436737
311667084
8816201
58782611
801659708
783637734
118186312
624869778
1702190645
1063861859
1007256888
1904966521
366821264
255131963
1708586189
2106380573
1659614369
1415964754
1511939912
1769834027
1077028787
1433858679
810062793
1085323758
1586019102
1973178163
1172274105
1013898932
1668970120
66507329
1342073436
180790996
1896627270
215137191
224571260
1945357654
634406100
174836328
427588409
1061896248
1555562103
580726749
1494958325
1800393297
701779708
1330026920
1108993893
1363950300
357586322
1688741964
199635900
791595163
1586293450
1579534435
1745092088
1678298781
1920679094
1063715956
652205142
606040230
206243111
1950549352
1669731290
109909298
508885001
167319457
591510527
1940546334
1358702561
1920772784
2112168838
309547244
707870318
1740136872
1202168930
1803578280
1416660837
1463708188
188626121
1737890676
664791886
864350121
221979485
1373326245
1866209412
1227629112
1106676865
1545501840
871118930
92267725
1952724673
902554862
1291431473
1846663932
57451617
1106831583
275611429
747186950
800999438
1909509270
1020731199
1211886215
515435178
1482434713
706773813
1232260050
1328574522
1924154795
1769042982
519717347
1735215603
1638737489
1461732210
444395768
338166634
1546691574
321395901
229761476
1197635809
1672127923
280318988
1917685065
1393845429
1491736247
640560640
931100489
1002574317
1366024775
215138359
1312206177
1029906918
1108138858
532719562
1275994298
1922855715
73209389
1375171561
71200868
576411449
1469503622
738771610
82139721
2138662368
2063919327
881536409
301705411
609704732
2031329337
944850257
152113874
1517457041
1375585778
485357568
838477045
184267246
849468205
1666573041
933685404
377922682
1429085142
26291162
100245567
1110067650
26811207
1066639454
944475670
1895068011
1558872722
680589733
1492802413
949026332
1875580515
1101087263
1534809754
210540939
1816971914
140868448
1017798038
802317233
201017626
1991688732
1257827118
1493773072
866841401
2137149003
308698333
728226857
1506279805
1034603872
1298474815
1335490051
867764727
366720171
1755402027
41677279
316658136
919423447
1856183653
1391766527
1132523701
384319366
2049286903
740031389
2130602864
1965417488
961233955
576178162
754650301
2144731234
222502911
742393956
1070326086
767403258
1410386596
1812938201
1907547508
378159881
1838968844
323490593
827937491
800755625
1218188672
623506053
310541080
1663225670
1139232690
1219329655
1872101066
1513375505
2013094773
1630468955
1796210050
1364177575
596797198
1556600954
750239193
180927433
1266326063
1975625231
1398262502
1643942460
1189333640
1554245233
1278338408
571990472
119225089
1128482919
1194249870
369132629
516105103
504101010
695571033
963472937
1173716906
77715453
1296537508
380334662
335708512
822117832
290872264
2130681065
383754001
228739579
1021665254
422052389
479777216
385879919
1083076041
1682570917
1791506954
1612036831
1393031791
231278729
400622013
261967124
830278701
1546341984
211349519
2106089015
1165732469
1551467083
1100007026
889364536
651853117
1418547002
757472265
1410938468
735568390
1000740424
1941573057
1243729933
817650814
1635627577
743356677
441029722
739764427
387391259
1690965783
2137984310
1692751212
901710850
856649472
1588813661
1511549637
5389542
253309996
304496010
721110592
116957855
1760282524
2109023429
652537620
1111125768
2084450752
87658448
1356778155
1506589498
296782569
407039929
375404203
1841673703
1190684768
1244157827
452931225
1815826398
791823390
204138741
930251549
230636710
1260614943
52244621
807782639
182011195
1565191773
1329380999
210290005
598543086
734501471
382888718
399752782
260208737
83478899
1810027404
802141270
537935528
335136902
433831701
99429326
374201475
908613270
920401910
137743359
878103999
1608404682
403982436
1577892292
531275956
1983348006
719743048
1507800010
620089314
801190886
202361391
880449149
1554865580
471324525
675665239
1582730633
641945662
1205286626
1368275677
442620161
1152666499
1766860640
591148042
1583721512
1321641798
198866896
454072260
914312146
1370062706
1911878493
362517785
18952815
1171676270
1582680202
1775108334
186949547
1514811800
338971371
1287996623
693246397
226136041
806462838
979901657
1443563075
2012875441
985183101
1854108362
1275601102
447409265
481678914
131974193
772814088
935950815
1808153903
1280090553
683680374
1595875583
240301737
1901786519
1721290724
74846820
966049672
1436540700
891901029
1946739341
170207021
916787549
1341340667
1095496036
118111800
793297670
1681157602
1026455002
2106074587
1644322118
666229356
1945054118
1050179032
645543900
834123408
536658212
581373707
1436274760
1941154572
489964370
262181037
1674512918
160628012
1246225902
1629718046
225977932
365057839
2135860659
157287269
1801404411
987657806
9527994
1736574527
1045380075
640459872
163328245
2030670296
473512296
760185636
63618255
516954915
211071538
239882020
2037694951
1263369162
44930953
10379323
1386983923
177684937
1715001949
1952861627
1845807545
1479791012
1845292188
458734646
1523774000
600797499
348055966
1300527840
1113189309
1925968191
1393963956
2015704725
436756881
1176783691
1684501718
1504159877
1646830376
1423190682
456462450
909624945
941089252
1535112536
1078867033
1783437976
452063440
152865951
240047820
320801083
1172022393
309238023
1652166573
451045825
164630766
1309137378
375216841
33061248
237831136
411929867
838758730
375574050
1162950877
204318050
565610561
226594216
1100146094
182003166
544006745
620286486
1019698391
1807783751
1874838176
406306483
1034200118
306982534
1257631352
136277235
2090073533
1308350883
342625442
1599174395
1161330770
1944324434
1387810675
593331657
420937423
1987751218
2081683479
1660610806
781490971
935098523
1256022282
324460065
1879540590
50144794
844520863
2145504754
1492744107
1939214212
1111612593
613246143
975033568
1857884332
600890478
465243351
587007201
968510139
1367989577
382595170
219500554
1226178082
60760583
1208830185
525152028
768626998
899623659
1105420927
1882020662
2112059744
1789917699
741038212
1703999996
1305828599
1505283740
63648266
57697230
278422452
807347658
1625924574
423567911
369871816
1261104664
1615224365
1948771357
2041739670
1591934039
775515081
409028352
1263785985
1683877771
1698810128
251949332
1892482920
238866935
1282734191
945462384
1744894270
191620433
1060174480
849399809
1412798008
1065035785
1757917205
115942560
1675554090
738410940
1813400328
858199127
294008954
1018995902
901584346
834171324
1488545848
458085068
731084300
1778304364
1902599887
1233310424
1185001589
2130505648
1499033188
1471874551
637375785
847973429
1933397186
1191422318
1442896123
632206828
831214583
363623394
1276084903
1998579978
2082702726
994630565
1697280407
1411047715
845178433
1159967780
611689544
796225895
2134468794
1934356598
1548452944
1336046854
645872733
867203337
470687239
1275073960
1944254245
1029579373
2017774023
1352517132
250982385
553513803
2035838170
2142564042
1765851003
2051737447
1695160311
293301036
1503624684
192839129
1261398385
736171055
1287779095
12910674
1626716404
2018621344
1590988615
634687890
243839733
1608186201
206807743
130707696
790276525
1312406690
481421766
1287127305
1452573130
1752486828
458236771
30588818
1950400683
535483185
1525696692
2016836674
2117657166
1362561071
200383199
62004447
1540734160
657305035
584801707
38689906
1367562136
2072617291
1705686197
2135102349
264125466
2094920243
1134344522
939702209
827057723
236178569
594050773
1124392998
663853662
1330731819
1940741117
19381514
1927579394
2025349206
1398828630
1425903811
963360781
1897620026
81850041
2118539160
693109170
532048320
749571130
1615785170
673163507
1212445030
287155133
1259739881
488320971
1922351673
362793518
168633554
674646771
1982569721
41140051
523007598
2073274183
1100983634
138444616
453397012
1053017293
2087314750
1642580110
1302344007
901172570
249527936
19860680
21597819
851373273
724435012
1826775563
662711817
584339761
1569670874
798534360
1029524540
187013066
1235725208
299420337
68974203
1115623092
624593623
1940806989
1546835357
1104727916
691635726
560006769
759205715
1829198148
197722130
1536954468
671550648
1287385447
810054007
964996871
614339580
1633267326
1675580168
1034149254
1065272119
71415290
1637842026
902130871
717658706
1790759159
589034711
1218476038
1131274776
1077026498
2038387710
1055266577
523492963
1351240447
366407936
1792131550
1222138218
1091849585
1771060621
1915452846
1006450222
1704745311
69978916
1098287222
903600140
642204312
1225627761
6805746
1459178854
1556889115
1177838793
1649830237
626084723
1182041182
916580297
432267976
892021038
58456881
1803283220
989781774
1578444643
1101507910
764044339
2077792106
477721565
717649240
466668687
2014737837
1476752820
301327086
1874400658
72130071
718213306
1536229059
901560036
1774790600
837070349
960509131
1657566409
1120426459
283375552
1901677020
1762237599
686875416
1617974699
1882972911
366187900
699638348
571300186
1664795658
567984878
1530737982
1075472153
1821084868
435541972
768615495
966003238
1514559596
184604514
1530732679
267682296
1901348815
1748312634
1633905336
1093678772
937925276
1011879342
1003362472
897311415
1733926510
983671578
1615040336
728325958
1588746606
1407141221
487794563
2115314266
793474715
125180576
918131532
2008652688
1804835247
1060583359
330775009
1680260662
1116790951
817081469
1305239605
1433609849
352385255
1536732500
2044564534
719415218
75156992
2062825889
1411870876
898052567
425818135
1386265566
1673752417
1826954246
1600761836
2051686912
326115546
309133877
92974716
850529273
548781418
2131887102
1863384652
1545948753
645703639
1753764494
667771979
950675173
731780675
1240734646
178497114
1230102985
360691648
1217265682
1001166195
311020609
889834632
2035851869
2136236396
189527010
2044446416
411434463
1039785055
282546128
53357119
448549365
892662704
742060569
1945174024
2133430472
1756513458
1185021750
1124914585
2019647249
1310675695
1896761770
1910037495
410833680
295077386
2116915130
276520368
805060756
267629899
1364293972
111305076
1906475053
236562111
711758853
1903226696
822493047
420907009
1886300954
1581387359
1695090824
1390479009
462485984
1134375311
2011483778
2008632872
406246910
856189028
1194323259
1152438717
924422136
703285981
3451408
1108961136
1285973959
236074425
1734632400
473946905
1239651228
1647578484
161988557
1065336548
1157461691
214261212
921977351
1443749748
1021789820
302140482
1745149562
258761129
1717730148
1645048406
1953902991
1794584584
57052266
200038299
804793767
100203966
1214681678
1386930043
2145790922
2111882569
57970971
1302700544
662924662
706562235
1407337925
8897832
2138389900
1182251427
2145220069
25922780
1912405597
1679838867
818012058
2040887172
1007391451
1218391104
747964290
621829442
2091692259
2015471698
2004370141
735422401
396085935
1539804097
351501258
403134641
976575841
1648728799
1995394466
387069145
914789042
621431040
1428633467
1198852560
1075463105
263134652
1475134144
1558619217
1752009471
1921315285
1583520755
1629924659
1523528512
1091750338
2063776652
469648122
200569317
1578021839
258792691
66307604
702708270
558739430
507683232
1669983659
336566180
1090733814
1499258460
858577691
1324326315
1141577719
604614809
1926267401
2090768941
1384005776
1919228404
1918524184
791271787
1445209950
1012793299
1843197760
1597139173
1157746138
1052216609
1494133188
946694001
1258581982
913511469
819797704
2013106274
1612961483
430485163
623793285
132550614
1073636946
1611463114
2019822881
1175309867
1719437526
123235452
1420914471
964526211
672842099
345564621
761473688
151907450
397494693
289943906
511776932
206957809
411943055
1978818586
1213000705
837740027
1243025887
644149962
1018439645
1775334894
1067276883
1022096666
1869886331
1794593165
1862741987
1227638406
1628307551
967039321
761484162
533884791
828070191
651695614
1486975626
615743622
1598197536
1185409507
527842748
2034342362
71687185
763717074
1196866538
1266145441
388132672
1296322254
1982094906
566331570
150977183
1622344444
557251599
1761515596
1936864969
491719601
1535868045
1388538863
1869443998
1894959778
1016959936
292311136
1758456688
108974129
1920506210
1773463745
1209511649
2006223067
1534533441
408557271
1118412626
261689288
479890753
2113993565
109415938
1619399795
1409001739
1917832333
988296633
1034674560
221417290
1962238135
2094572838
1116910244
1868055702
443181826
1402032085
1908582327
1863164920
312707143
700292030
864076509
1046679824
1205164565
809722243
547651547
1647440862
1995705799
1315206466
1353495166
135570468
1826475465
1074720266
1632336429
2135624301
37993201
1792246261
467679384
86105269
59190274
1724902617
65247617
1686109357
1157697860
1938290596
1866783152
1471225249
296188487
2143966795
339778299
285112319
1642159039
1408709223
712029051
365293695
280155009
166516836
1473873362
36026594
711215267
505650526
1437372577
1352536161
58516921
280802194
7930640
517761452
964496179
538461046
1337083005
1121639571
2119661532
1938669422
1911651662
54290765
1750599030
2092828707
759320282
988951387
1008007033
122263417
440666235
811563536
760478194
1444775972
1091553207
1862382776
211160704
900263904
2026443156
28825690
1164297585
331391555
1302434562
717188387
2007580931
794956344
168416875
318749033
1950195903
1485219858
703061087
937617490
1495503607
91193923
1662625123
2003481111
799337064
1339963056
610589408
2097261552
20526579
137480874
1482548529
1147405718
782989437
452441986
803724493
377100903
104677102
567243201
416539803
2143607858
358314574
1394837755
1610193756
547863959
1930388484
64362055
805532219
2064474642
1372238384
1328467797
1916327545
171702685
1470022192
1858057252
1710046268
181128695
931180343
506588502
352729214
288761741
1997056785
345968938
1969485850
1526484988
2051534587
2061739277
1258193402
76945464
1627028135
517362133
241128036
1590487125
1503788886
1461969043
904002924
142868200
840791318
828028427
318219900
63972881
439679011
135340747
984103687
1783153696
24357985
1688763869
1926856276
1716112857
1386841342
261857314
1402934382
219267165
648867375
438957637
2048907825
1172334767
361789193
19464016
76806264
538631897
127580552
1165274598
1436827755
1738455729
570875556
192659990
1076264685
578431043
2030714006
1197461968
2012452138
1808802260
15707443
1253135871
612582469
946320776
2037078631
1184281146
1865857576
1675812009
1287249626
701091104
1223036270
24971917
566999209
199913287
494794356
639318300
1439312963
1271676632
1684157317
1996937459
466408811
1329974722
570304044
2055383856
1707033685
825938065
1636849563
1562651347
962340065
348533730
451850816
1176357829
266833404
388589181
2044747376
17692032
1964259102
941411848
1020743732
1326726995
1163882983
1642724443
913224761
1518474312
676193754
251321212
222071261
370508973
1198468163
1172416049
861657181
770485044
638093869
569123636
1538919714
249932735
316614276
1303984400
1036333362
9105860
670054993
1570934926
1572455355
1000141905
2065291547
1438424019
1537091523
258106804
350818147
1297479697
370586356
1405441219
1678914880
417054688
2143849356
92759483
514224928
1769669681
1931125609
841017551
1577424552
2086683110
468401722
1708012615
99972523
1286883848
1248170186
1099188298
1448099150
1678422686
1822828399
2141282883
58796868
864060958
325968279
181388772
480988972
15370123
1138913402
1448649169
1559761424
164167971
1986553572
1538430436
608920065
1105441723
941492258
504037649
345604054
1947409584
1988568084
1065540846
745966860
1299507332
2125557338
1484229849
1666324415
951584779
731766432
823502525
1548288718
955350600
1378797581
809458555
1269712916
807771360
677082576
102876394
1501508298
167904562
488192722
1884028803
235524099
1909154825
1332150911
442013092
2050782023
1943961079
877891767
1625121398
478367064
1308017223
2060435162
838840950
1709519627
844446358
1002775545
1801062293
1599787590
1266765063
1985918496
1769375492
1229173537
1632724761
1523847880
698136216
679641887
1389643551
1719221346
1353895887
776882322
942946899
762559238
1964674677
524827670
1852065167
1248013890
123666669
268838446
619957921
1638301191
635207703
857685763
325581889
1506801846
1340445906
1728425538
1670554282
812764241
2028417319
1185999133
1009595082
181496005
492061451
729107554
1529004575
1550023004
155993799
1115386047
1074716967
374555464
430055166
624809759
1109890683
384259922
1723865171
409316134
1135572097
1450353833
126066349
1534032337
1355374532
550247119
539937311
2010044977
1455045610
1528834214
882346352
133441101
401429834
695633568
275501116
63013406
1527708959
245094925
1851248318
616861358
1894084196
1533140870
1589041460
1259358034
601534788
1014622847
366560485
1945544462
1644876598
732735474
1953571017
205771792
1505782188
1124020784
67456974
1276948300
1228273006
1703977929
620636859
1969276479
466967695
667187108
1905815483
1988871367
497504514
163914785
1818944896
296527143
198384082
900693874
64010249
222362656
663999732
1961532161
2098607370
1975050035
1988290499
863036419
2018979311
37487355
606598159
1463711523
1412818308
1947914158
402999258
651539794
814681917
1380338108
1903451561
1526089652
951256598
995609737
372810618
2052841644
236323102
1497216333
240606815
1707157520
1601743773
799816722
841097391
932733040
803219159
1310316757
1997924573
755921801
1945115509
561296061
1675337454
1646146511
687546503
419608449
804734611
1540931872
1929731632
723523806
321510361
1404378764
1067643366
2112884285
601256065
1272194889
581909084
129095787
1769848825
1271869628
619958535
2053645690
1564217325
1392428970
2006292289
351998653
1355010946
827070085
1663294742
890579688
221521704
1639097051
1846626209
1926356558
352639763
1320759265
2043657499
2047349564
1269981774
611824677
996162680
1252887675
1299881076
375222362
1166354101
1990198250
33034244
267736390
1200168890
1093596993
744213335
1015023310
1633045728
1009599722
967224
746711594
403265304
1698420482
457317912
863554859
786511536
8829558
1527420644
569365681
923299515
510926913
481135229
1312391219
450231829
535357129
1516710091
1800843375
845933576
652765536
1237822071
52346680
161937046
194343904
1869752379
1035458150
164005979
35149928
1848264928
2046284767
430816278
348800315
1918278603
192751820
1237177293
627054783
973870651
1028932064
363866515
1673990555
754698523
703669962
656490479
605804785
1171686776
273030850
206583778
1723368643
344638872
1961838649
730698381
736645227
818401454
250098082
110216309
478144826
1997385525
1613472101
1897381996
1938246970
2128881120
1628887787
1229013013
1399740934
1396411699
881905356
35270668
1896827343
18414521
1676330014
1789281705
1143635058
220453082
1129523423
903832680
976030396
85298768
1201952650
1334647022
1561838023
990686782
527974335
1384452018
1532904566
1224442853
886505491
1481772349
448147733
1517724924
1907465983
1477611032
959203604
967489955
482554094
674878537
1838266602
1574523131
965335399
543017090
814595597
1493907549
1710110049
2130818271
1853360407
810249005
1241701550
1928953682
699816445
1280856402
791070854
372418981
2110518385
82420299
115641661
1275591971
716941919
17818345
1749382408
1499621340
1659722380
208606109
1528474097
1617768843
764797266
298370421
18332899
573394462
348952961
2081582000
262207448
1635464154
253995863
450060275
1812269351
1582578465
81823655
760917791
362591730
634662362
1526205712
19358920
723280308
805915763
299234652
121547595
2103597296
752660109
31017217
1287763589
324660477
773227836
795850428
1434586916
927370998
1840866546
787991889
573928611
1662203848
1797872896
1429091687
870525918
1513720667
175325889
1912875400
500379719
899237098
1496200795
1702201918
1061969341
122395239
1400702763
1382747217
1432963328
1195336974
2001124804
2064195365
1474043082
408550675
125120923
438192440
339767684
1645598318
2122723403
1658050752
1664529820
457379019
1721719928
1014097515
2140626040
751250583
1933478491
2081671225
791980561
706783021
154140642
800338556
947949862
1915191335
508141177
1226859767
1369487890
2082988489
1797626993
1581769244
1118136388
1361340049
2069435395
656559719
710448211
300746210
1342852602
2116498911
1980838068
434418134
519589363
1798542773
29568786
585815082
2090387018
601303038
214400064
1845950540
2022390171
125800338
506448084
1900810377
1272950761
1207017999
1938330714
118350938
573900135
1528376815
391156011
1679185365
1495169241
881703629
1741100770
1328106553
707903390
1801380286
665057651
1056256409
1463190869
1777138644
460438241
1034621363
1724767521
2112029879
1077915025
33851345
975948435
2146742116
299121991
697747941
2009507883
1575996175
873477300
1796816555
248500611
1545221660
796030385
31141119
360617744
148749633
1816148500
1025978950
1079124366
1099523264
157324070
333729281
940608256
143899080
1075477942
1501786229
454103896
1265363442
1597735125
1045797503
1978463937
1806139105
1062825254
1507966076
396757887
1196997627
1434743513
517644892
994831737
246791244
2121753660
957110992
1623727451
672304769
2093128438
1998432145
694098274
1252568330
1093834201
863315161
440407485
1725714513
1953367386
772994534
97426068
398735646
941071527
1608443057
784919984
600486165
122068317
2011693750
682347968
1299095375
1787147229
327022821
1448584507
731492125
2035964482
1342526638
1218771695
1523361508
1463785465
1947156530
501581342
1001205017
1721603061
229782413
1659169864
610818405
1379667845
629427528
2105003665
1795395548
60325835
1963532260
1168731335
523846751
789126099
1208214154
2025833481
151086105
1347212614
990646998
2050731783
1233470238
1538576833
2115876298
1649290739
152898600
1477876431
80184791
1821744122
1177604211
818862711
1915780111
552941687
881948096
1877678714
1989362287
1017055661
523624559
1739955237
1294024017
1251196726
1499387837
116981446
1906309623
512612870
270025252
1627523782
1201860666
119865357
134248410
206346075
589342041
362021253
827230570
696590560
1919770086
2056238545
660502646
649807306
159296723
631666183
1907785878
2095710273
14831010
1800379154
950185554
49877585
287823795
1455949182
2068587075
1638906564
1287649456
2142524633
314015312
1314613398
1671758875
232985787
1819941644
1657651979
1889519103
990954858
660063028
325844071
2026415805
1423787557
930796366
1609958723
975195637
1607845635
162970469
403625601
1793331870
758122624
2103509225
1845995492
1404675624
53694108
1894186667
329156935
2081589461
1978731943
1518256382
1306883183
1633350943
1920661157
1313307633
369200519
600379467
1205184851
1442986417
411232303
1645235732
169800140
1247641347
1197197113
1627002235
1868306387
2126431206
1671097593
2081412276
1237870005
279101008
1117729343
1849414195
1592110290
859413767
1394817516
1739401436
1218457024
1156477095
870233894
1384152400
271378965
590422203
1211063346
2027035228
814024135
1262512892
367405029
571425412
1445101114
1156942511
647391165
1304143030
378150110
886392355
1765434522
411894290
366750586
1091190864
2135838732
1826239198
1656295442
730500242
155494480
100915343
1054905961
983999116
1309665508
450112250
11685163
381284386
1527512508
1442344609
683343026
1540188055
1702268696
1825161762
1181146474
1926399949
1937759228
1086066882
895603676
668040355
493779267
303634464
1573296204
1863783792
32959319
2085261053
1033588744
1329557413
1550102665
67214127
165527110
1527272329
1176826369
52618414
1579864752
339894550
608940377
950383550
1467808648
1059212024
527100116
1151969348
976372074
1052474798
1764209710
571062317
757519035
716419265
1443117080
1271153409
819086500
727908392
527801930
684664974
1033727939
1253460934
489954365
494661815
1504996967
694795011
627022459
1972056676
470540926
1135567504
2016817820
1117226891
1573538069
506604094
1783781847
985103461
409321859
180302085
576007738
473630645
1865174571
1188564251
86375552
1281112634
507000037
405169714
1563079814
1287385916
1017365760
1801291739
1101898337
699566140
264726766
1202235905
380330518
586771901
1124764036
1869925766
320906223
807276343
49506533
290663170
859961199
396829732
1347140355
1627214243
1232106217
2113728554
1560240585
2001613862
1859956155
152697967
1768968928
1953202682
1681793817
384628740
234245396
327207549
980398992
2068155761
247636827
1265764440
1724029714
574954343
470287226
434983678
974115248
918118027
246660684
1784910921
614231281
530725478
1255782311
1791901757
308819908
848097139
969786341
1692675294
538335004
746990665
1919211781
1905903669
183398689
1112115184
1469978997
178326120
1058630918
1898451783
211770997
204710398
752320900
167825306
908232736
954595386
1419634666
28637257
550009106
263441303
1970350550
1071590813
316949417
1845968489
1091411852
1952427693
2127867633
910776220
1830966505
1135145077
1854658857
1337398158
1017850620
465502207
890527204
1407206159
2062920762
296828338
425264597
92116609
1001433427
1075388351
1305454131
491868946
523326637
268028340
1888056765
346705949
1148793460
1499162401
842186082
402848425
1579078484
692737902
1515809416
1396063490
78114765
782063814
193308911
1845643387
247863849
456065062
266947129
187522893
1927273748
1596845191
592077073
1689967760
2013183184
1223443249
838014446
139909216
1463759115
877273897
377248634
311748115
685395287
1318575546
2128267420
99781279
762408510
834396712
801930775
702556432
1208672503
1956997755
1178901973
1250116398
2009799616
784340847
1750366667
1167264822
814267601
89508225
1744584834
867986359
1266820593
1337140509
1708952888
377794196
408562353
1654149099
1234690474
80364577
448128828
69375296
1366208375
501810527
822113743
336379818
937572138
1967891545
161077457
872617372
278012636
1274413481
799870857
1509230400
515269243
1198802444
1890970480
166312803
1193963444
1605942825
1979833387
587581827
1670954865
267294313
248481823
1195871997
261408518
1195488504
717203368
270839130
2096601846
1513361378
1504590063
1254514625
171887958
2104425808
1952825951
2051241342
429838803
1882397673
1435433404
1745215416
1167183197
2092667214
912639448
866574393
1367955304
1144618166
1605972202
1662519135
179131091
1419418544
741245316
2131250985
1792779376
1345994494
1766346793
1362870628
1393306919
1090899350
66129793
1948333820
997330366
765866940
1004346674
1265950310
248437313
1376107587
765661525
1112495923
420348675
892203499
176792201
1187008696
1929795911
991643356
1902187695
1998633441
533542279
501506120
1173014586
147042334
1123706198
1217463335
183771177
532052844
1479911148
1465435923
1795331228
251069837
1862670405
987478092
2128439305
1225611850
1942069231
979331533
1359353105
1499979501
2001073511
1716572821
535505659
207294149
1886818086
677357818
1391587013
1632938713
1072847942
1872360240
1257879258
2043636406
2041696195
1226746847
374904683
385834076
1893819240
1399617770
958633317
1428701515
1307990097
1260229188
561853956
288773812
290134798
439097076
1866719498
883365571
1327911283
1522675249
1869491096
607297809
1418409969
641692321
1145946527
739743791
741577896
1889617331
963789819
1552573014
2084251141
1979566372
916197669
1119214386
1223824138
526474391
1102810762
1578542293
1335853878
2017238357
1392257156
65234368
710353930
768411180
200466156
1707827733
1879310894
883191147
1188484178
129629666
990952502
164347651
483325394
681629327
1161868557
118714562
1501196684
1504395630
905939957
2098745009
311054776
13442411
1564721200
125132181
1999188572
679216594
1774126662
78360971
749381539
1303188550
1696232683
1838626500
858688210
738885577
1510363013
1072925287
707593185
433817325
1502925904
1386094990
752797100
711865122
21828646
487267424
1103729356
102081313
826178023
535315286
369344783
2132847231
515852152
860736657
1621234056
514569300
285732467
1161733984
937022283
2080241425
304794212
632957911
1347282625
610084713
412836532
1985948819
1046468508
1829501024
1228012077
1790740626
1708581743
1889457783
2063061536
839220023
1214079716
1964469248
783165230
1998063716
1742318482
2020252805
1804438953
851051191
1025646706
1649788251
1724707743
96815599
1922877174
131543374
1740058235
600702815
933320383
2136657261
1746115153
247303833
1167153649
601312509
269086908
185305118
1898746924
1171327617
856890733
1925803081
374375969
245306351
479753803
1237361732
2091942854
897839096
137911610
1921648426
1103655727
911133303
2061693314
1709992259
1442245123
1802163713
79894228
856937317
2095841167
1554108564
1406121972
1987387504
1192282499
1770240352
93244151
1519509226
2060982590
159442363
329727279
326005953
1890299856
1366082346
267947187
864592679
1593949828
1500951698
363754876
227977359
1488267806
550213765
1322039349
1164926670
1050650288
1948624561
1218093211
1850856277
1162830348
1202811500
1791463813
1836513170
1830982367
1845362786
12156041
1535780718
1488577122
910884199
735300419
980771816
1412384438
194200673
944300090
1895579609
1567720402
1078657365
1641149801
588029129
674048291
1276108699
907591263
1922463222
2020245945
1906233637
290706444
491001709
1729924385
1264983281
1983025186
1773289288
166180571
689668759
1247190556
720094992
940024433
1945985269
1071720422
1225691956
1678901802
49475070
1688675360
373270191
1979780707
448441770
269741064
429021376
689099648
1306490367
523951868
1583532746
1917004939
2137222726
1723365793
1946016852
420798561
1930794834
1298720428
862518050
1168308109
1182370546
423997251
701648250
1529741499
1646936191
1452134662
1573246075
1646893522
1490011271
206774200
2044085408
1523921831
926740897
1380284540
85488218
2051515985
674584658
565701830
46026963
774360101
1926538276
2097523416
2120917191
1135933768
666364880
1078725102
1486916996
534824420
939424393
512016383
437949962
414204161
1360707697
503768872
804929606
1787118072
509425696
1157044399
1439052912
49360526
1480732502
1691780010
2066644621
1894329251
989364427
1842251074
1588515846
1346391693
812805397
1714022559
495246190
1255081230
331014336
1447466089
1965855835
1900513766
1180734835
1489636336
2026839396
1392892941
1051565126
1000917490
31995457
265178760
1295318824
272374528
419232776
117991135
1998669685
1288945027
162692491
36986928
868079518
1015557480
453305814
1992313067
2014455289
1949311325
619715278
111038755
1244726960
215965631
581488110
1034977157
1815565006
1927196955
867245347
15114992
1341938285
121394774
1153302991
90830504
1095479300
59377777
933948386
1392938799
205716181
179906548
968820508
1674397114
624926331
1692885486
158058599
1346992197
986129818
1106620575
1989050713
104633420
1763868071
1100037563
104781775
1077805599
2048864734
1183403091
1869750189
92317400
1991439180
1820782682
1482142906
1727517427
120904698
1578826185
1265406624
1959007105
1923414849
1463556456
452757770
349502466
1831721267
224060722
742230494
1084726999
248299311
2143486556
1485156257
1486490201
1744614277
1018714874
1768864241
1108525201
1954362961
1530717510
942267941
324517772
184085852
1448026759
854911497
50548817
277450036
1918573458
632149693
1580036730
1274899796
472334583
34343349
440359525
1735939447
56374467
1294901716
1855657997
1588343295
2038572006
219500201
896277633
1905753482
110097721
1901940692
1857418231
1385581982
1099969574
492722810
1739401862
1405096050
1745698028
1789084394
322105719
707209700
696897669
735602780
495893310
448314754
719640111
29753544
433693714
525472697
1405530252
199656169
765336862
1816537123
2008820846
1489079388
1200812123
102829812
1963896635
696893915
1605587716
1779957643
1381690096
816859036
1978031276
878965278
2097085902
2052231119
1938741495
1205984903
1465287575
330784061
1146685931
148818484
905887355
916322307
705597674
1460597556
1957076380
1041150581
314659911
460752484
148768562
1120271384
450680698
127889088
227372117
291201216
104995833
1257958350
1943686237
1577841103
857522348
383696173
1675554287
1773385623
54572548
1145884995
1415787422
925100238
406224048
1505854732
1985090100
1405339192
994608373
1103078152
1587203733
1818761307
1418126498
1104834372
1160169799
1739156835
779041188
548744850
86785432
1071338782
710225732
1760868044
470547043
1816066329
1282194418
110278217
666090104
1698795233
739364293
411271275
433087136
1655390814
976862090
625888584
496175939
1253398098
1199665278
1731525245
873028527
841898231
631761057
1123253018
514678014
306277054
1276588976
672679088
1719306906
1614918956
17224887
1990076285
589661799
623202263
459338824
65347521
464090758
289599878
2106096467
411749922
383365818
1468787565
621333660
773088578
631768945
2046823568
599290571
704313961
754414697
2107321143
244234539
1016612694
1405152500
1922839191
2113455355
2093812520
1000554466
417575562
1904043361
975394930
1397812482
2137263980
1771532297
566640227
1330531917
1733791775
1904025682
403528476
397941416
1682483232
1336905512
531498260
418768972
453966800
239597947
772069806
2129523916
869776582
1068051283
746168035
2049382586
1547836505
69338501
2061272594
1306750191
1118351924
701150222
350682605
1027721070
1828640026
1209584386
1524851078
1904072171
2085946305
1223630889
772141696
1457142
1480694738
871159598
1700179033
781564598
1194540294
655603325
391028443
2056783964
70800996
1210612400
463248810
352623902
1881897887
286293677
990130929
453073892
1234583700
159821399
169272110
527211660
1865961
1114528230
1573056549
1818344909
1476385225
1768759262
1803282666
1795491010
1617435588
317572001
758674702
1681076236
834001612
1608279721
1288038643
1616299164
1415483985
2079406685
421876020
120633877
1724265350
1608081542
417776436
2138295507
157217717
1688096870
1491525839
1430870931
1915359428
502445677
1485806886
1205098166
1470392787
1210606737
1390964877
405432107
827845109
992315713
1400588696
1705317105
1104601875
2052588285
712681803
125584702
1626380009
1292125837
499808360
1810972743
1368804384
184675796
61883353
965516964
1464757650
1856152905
1965076038
1823713879
458707364
297848329
335479994
113307506
1608345541
74042003
642843766
897159259
2080942605
2145684505
1501822944
1640792501
541282553
664245879
92909709
1491235812
119007050
1999261899
1374299250
776261685
1384053765
1154226344
1343050802
2062012321
462213261
275787248
1158811784
1389318452
1564836068
1537748293
396956893
259503638
856835081
1983344419
783953132
600025389
1845789299
2082488726
490109850
1619875941
904110259
996709003
92672218
1321026966
772832304
415645900
1083710661
1116894473
1924511748
1735125397
216280512
657940383
2124814332
200124613
1774192590
1534373527
1238517684
1296687547
175162109
401499889
1434815448
1076676294
124714741
1249495676
649919359
1814426944
513087907
207737969
1578041258
1264458816
1971025677
1417533378
198768355
1275544562
591530040
1634821371
1759967992
1977936781
1301241659
2045132235
933619422
176280552
1388625519
1404091432
1984551594
513273008
1382789303
154448660
1263246258
393443906
332716274
1974234888
1163218635
777333273
1323353737
1522867188
1447766691
2057792492
521846043
2012968681
1286529094
1558316383
1724546380
1742819676
1129093046
1607693915
1166884020
2023230479
1460567724
1666868228
2038373101
1626722198
1444939635
385998927
1847951805
647686266
810817003
1595016246
1379925611
1146244358
992573603
874181264
1820869157
1259598501
1575955479
443218313
2086344598
1082210540
344851985
14756018
425933710
928731202
1199540004
801395134
634136275
1658921504
2040115275
156436946
408811276
886431999
2058738344
88334719
206357717
885720533
16035680
721791319
1989989606
1506287940
1469808027
1994275105
2111976036
1999668824
777997474
1017827250
1207263313
443708658
1887971353
648003937
2132275224
641534415
2026587236
462801695
538110778
223468070
1127004446
1507459113
775298589
1411694842
365539259
833742946
938111484
620758006
641336391
74974537
2078450672
1005360630
1264875072
1459458956
1056753444
432921903
1498064791
710737727
1320951839
714474229
966412235
1312628916
1124468531
1624470302
316074286
290453487
547201035
112840968
1490296376
87571646
1071207514
1573931076
840539409
1553447276
425336744
1413267158
1389053733
896861720
1279777342
2027360032
1626149607
369744558
467587386
325652323
1601631664
50580857
2014452149
1751108841
1942424505
1592783962
667626776
1213726923
1874353211
1133412001
1241676934
1408984146
874166192
96861567
1521338731
1362504452
731663914
813609244
1685074219
1937999942
2072493017
208982099
1093990894
2005780128
573139363
1806524672
696864400
2051151530
475873251
1162598138
163723182
1516362633
2094123339
1856982955
1206075348
1965742878
102237150
329048128
116347082
1820678084
415186446
963710086
1659926534
1189263804
1654816252
259857499
1236557875
1278807599
340857046
1567991237
303721960
468664792
322830419
1255031211
1878887788
784047428
658656337
1470824741
878632877
218736831
2048648855
1079171450
362779722
2081832404
1019566
191290541
359620285
758131833
1607322594
204518588
582620339
85031373
1632854879
499087215
477242223
1957748359
30656623
1877248208
2075568736
1994181366
1441801431
1762845253
866330829
1510528678
1907341145
1380561982
1546898590
1435771310
184444492
1160771732
1261736018
1964166539
1644463199
1727605624
1732933128
1483625392
848749941
1899233549
1223511469
1084235686
1365803426
1860341146
884839501
2147447507
1118766155
147846759
1629821566
1916221408
816956771
379740459
1539457006
681184195
1868483274
390625319
1021096470
1867670109
748916680
1438152922
825211903
813321417
1745318063
253977433
1943098682
588908347
688109719
1549893698
537279972
184947849
586247995
773198677
1082824159
1597328722
1027548408
343322791
811302165
1208805568
1662589677
560417403
1870752493
99362034
551830838
2086055351
2044463833
798151939
536921418
395821816
1637846015
2071313065
1884985981
830114378
1680896525
407974275
260007575
1355048831
225842465
1206800891
140395675
1526330659
951394012
280515019
1168297884
802501649
967471759
1796180008
1759942593
1256295853
638848647
1339890561
786195298
1261158071
909677691
644218602
507427394
534667456
1869563677
761103649
349133044
69494851
558459589
1918857013
423053906
1868664154
367728450
350682310
1714914592
1096627475
1199352003
1848386549
628624327
184488295
1552358891
195671778
511683637
139808206
1856295162
1645141204
1327013338
1248509562
324344350
1805903106
1774083013
1603807270
1427409121
1599478003
113719525
1712739986
540836533
1917834379
2112900195
457660309
1723610275
685361581
769946661
1561579734
1083827739
635434368
442977125
2054555169
477551325
1517841752
1780159351
461293146
2691596
1708378426
847555746
1281955096
688214106
1034850819
840621341
491783897
1590231895
961591598
2029405235
829351381
39234525
1560526905
1933408122
471750009
399023518
390714796
1288497204
1939982970
2094858710
933744061
2046578384
1961840011
1921723155
2049014939
1910733443
1753751220
298674217
1916508237
1832813319
1574661960
1970512956
303032382
36534910
1294272635
139084269
157296737
782622056
971527318
1092992942
1463395827
631512775
447537360
345428778
1581726697
1344392796
1545342401
1129040340
369161455
1521022722
1789936765
395517081
1965046034
154104625
1500292675
1429226664
1438452996
1893012885
640732377
2078211942
1759283458
743285715
600756606
999968631
732056924
1280033125
1806856322
1025747183
1868978840
256641173
256294781
1518065311
692474684
398962590
1425837090
1898071684
1292160302
658257897
343808439
1210092371
533395650
934921578
232624939
826736936
1162380120
1122753570
587343820
1085055828
1717255079
418406839
31746204
111100237
1937481123
1424941368
535632966
1272602808
876940286
1499344629
1201823674
2033334938
2083528022
543206018
1146980698
872767910
1822098164
1236761812
1554572504
517652392
1026010933
1503875196
1908342182
917682198
1927872911
1656562184
1041616400
2095144383
7331386
1719920257
1082575089
467978644
1176942448
19654151
1847677960
1119207580
1127067226
1598736528
145221870
581564156
817041810
258437831
130069167
1397120556
1479778119
1147072778
1772166650
1853164606
1505988873
873975428
504394237
1033202256
303896361
172185200
1789405146
1508800538
1850902979
688938359
1306089143
743051930
810169700
668291368
706030206
1225608164
1832339787
100101022
472054570
1998389774
95882582
953354552
1037122241
1164378944
1672684930
239419002
2103906284
1612655840
944326934
147909640
1563104039
1556419556
358511461
1917955786
764953759
570025019
181351478
2028284451
789901471
1664042331
604005835
1866943059
1506793645
1265054198
1670065794
745553141
644781887
1589235903
1367135268
1374879130
18142221
2000780383
751208128
1065972876
815693579
75909245
1738729787
344409511
1649403902
1068069363
1149681007
2075561306
559753391
1267091476
793229813
529131971
1243543495
1440824610
1948266377
229985776
959814209
850324437
699909137
574831929
467356030
1872494606
1476471106
691940547
1658717185
1835798691
1965708518
2133190935
96820926
1033934923
1001414854
1304886761
1311477017
977427378
1719785513
1824931309
1894348144
1589553824
899275007
23898331
1711556701
883886666
1883508389
739773835
1777315972
1026881219
1105538125
1430971955
1095913740
2088012164
1750412546
281676997
2024466613
2076701471
993017677
1621689709
496701326
295884298
597746303
280345905
551101769
182956175
1537825684
377666217
746432053
1170908122
813451192
595255013
388545743
761529891
1755558513
1796469862
66815485
535449090
908834145
1803381309
305470944
525206745
1314998191
758036807
1410214733
163810915
697795338
1839010194
130957279
952480611
1097679953
1094847953
581763764
308870513
484093402
85805826
461224890
1234375142
1988211029
303620649
973501869
49437168
1895196500
1163190830
64785575
159999416
697539186
225970137
726605659
1868994743
513117205
450630133
955021544
1423166752
4233434
1625436042
1261054286
1460321391
610992788
974136892
1447568008
40508184
1400423929
1692987082
1531826237
1281652052
1867907554
1088660905
1084014620
1980562189
400561717
999411142
799477963
2120190193
1108820073
1712456546
1317043587
508058780
1946295213
410410255
64977988
1495597542
1073875629
535681232
1901626535
1511728980
387133690
2003194711
1757951325
1314072484
1202995726
1495312225
597798459
1224947321
312085490
812823348
801969399
694500910
1082147716
299049536
915331708
1263312062
1425848416
1583937754
87226077
641338841
1590933090
802488349
2039476721
2007183369
1787558606
1860521956
8662658
1288188683
830882581
1081824490
586452523
101014834
1581783868
1900204298
1429087173
1580152318
60502499
185365402
1501383301
660030403
1933187047
1406191594
2079528878
1685351036
1134621101
179328995
1129233637
1945442743
2061254659
886309059
678629678
928683939
863602349
989632508
257496698
180606782
1152202370
1056644659
615444963
98789282
553050425
307420766
182938749
626993781
111697100
923596543
1057534674
757702520
1364597886
292088709
2108270834
1294185265
771663236
1790442442
1440991532
1516445370
524592455
2003902383
992748388
2146731700
1124781898
378119387
917025546
653895501
213534900
1853525146
424665517
1924856692
1931216756
456452058
2089724978
180972838
932391684
1673498441
1207337132
985644250
1716647124
2020521362
1580108496
699690512
963946061
1002041790
1588905229
2115774207
1197812342
2110226351
1736557630
651792740
19403071
703829184
1509872645
1587735151
1322713696
2013841024
2022742462
1222545361
624324069
682271124
836834324
566163433
983818321
1404939956
129133883
1474011924
221249636
1551909830
821605826
585610267
1597168770
1001234207
417545740
915930560
413846970
478735072
989783139
1701409641
1843254889
607118965
441535921
1306921718
547553921
1597314097
1188667092
492912038
688713585
2053073164
1625681044
1913550380
1367884202
1890163846
1891973180
1189796312
92302788
1347770013
1445752522
2002320104
1776474947
389978610
902398156
1570775542
738461442
1571940354
194660560
870448260
1662774066
654032264
575510144
2108202668
1852216071
98182392
1440437328
839640555
1871929336
2097757470
37576156
716729108
238102186
1265742301
1298480346
1476088153
181332336
1881949451
1909695152
679305341
725128825
716678513
406131883
1168963614
372035470
1938158056
180084949
991529511
1405378943
1116563095
859443562
609512026
640004385
1961611858
1373549807
1298784515
2141586430
2114884116
277901543
382897856
969419410
1750134948
2127295786
1576554357
993767990
381741133
1246725595
1815276118
398025891
1976984768
911569405
848821525
1861843741
1233339148
1615719595
574533682
2040892210
1614441925
1586323178
768270952
62116645
1988268859
2044651557
794073404
145435636
1971131352
1257988925
942646442
596018938
513533605
1932256834
1876198385
1928101178
867258847
612061897
56015238
47388225
1186100666
409808099
1955453981
336694447
1074906944
551063215
2055066330
1953592923
1000388938
1474604692
1287637663
1210471961
1586491813
1524174359
13668983
265174305
2139850824
1713243981
1062874408
165659156
1144319673
1678446325
602768861
1599157158
1400782215
1318494509
1011766778
1928498395
1724564970
2118676166
747530754
1762087160
1448535423
898695486
534680491
382145792
1348811303
1266854737
1985132298
1797987552
338260999
645282868
788234466
2104824368
2105615266
789220200
852194319
1506179742
526451227
751342382
2094930967
1049768944
1754354063
338063268
856117977
172546990
1728451478
608843892
791521110
1627301987
502264802
1382697773
100537253
93117063
1940972792
664484920
1461735420
914000642
122391827
2028225648
693776609
812137815
114213151
1261543766
1394974327
1735342947
231107547
1708195304
893375212
1585537224
1174494992
1697552917
1707716104
1291295731
1042263286
959088342
1389366233
1925515967
645875630
20180196
1671441539
215103676
1113375970
1694823433
1883724588
1819780376
847004544
1241284894
187048460
747132449
1217040797
1598791832
79067546
662495340
79745134
689640390
1185513690
2125784989
1313666154
1158813347
1349807307
705740492
1958190979
534910028
1097170166
1727426185
1158935435
407609367
1586029337
432866948
1733827243
1796712775
1579330555
1991688404
451765255
626818919
510515025
1568021721
259322485
1572396346
1053420758
1452521416
1745492835
244830292
1017609329
145377484
437629905
95351633
695801734
1305724620
1361946987
2019365031
1808888167
1915641301
1369597393
536470561
818443484
49379869
459250154
1495814386
383794390
1160957610
751316842
544408171
437255739
1172888981
1968520812
92802387
2021003474
2039228406
69076274
468371418
228287831
1452395365
522911745
814460465
1380570786
1719268130
1269849890
973392321
702276600
653402843
1495546107
1172156670
2059371132
389480720
733673044
1993659871
466015159
320005917
1581815470
995916020
770748235
674110683
771197637
1793079067
1672482238
1837319660
668336942
1017432024
42238571
1062086298
1795731731
180757065
1863258763
290752098
1251874579
1671487163
299226985
697865755
900180030
1450330852
750647724
1744428981
1871057718
231687860
1309062086
1269130664
794572649
1113366482
979446147
2065119219
880829043
1184121256
666895028
1651991750
2091226009
1140404259
1053218562
1072286405
729195368
864609027
142383318
228324081
1956334964
1427847123
1982680430
1268103213
817576499
1884999805
1163821059
1127293538
707610369
2024690820
1652489758
222526280
1924753975
1416604375
162368258
571294410
189378925
1305010758
2058573884
77089037
1085994966
891231899
1329475918
367186965
206574274
213549136
430139521
817125132
247091767
1542888672
1310700241
1826349352
1817727920
1683602884
1304510715
629279280
274220288
421116932
1544586155
1439154851
284480840
343141999
138488010
1388383614
1563177499
376586353
2136473579
1100368289
1177980602
1424107399
56857565
299389141
1019597683
1493355865
2143577939
1383813748
1507472157
392586348
212787896
85585837
14124214
844053882
61612311
1588969322
245718821
2098451305
822602288
885260248
941626644
1148036060
1173440414
345299851
1192939245
1856326256
364397355
598296644
80421117
670233742
757496894
16196953
80518062
700769250
311517795
1326243768
2099180517
999183726
51643137
421364111
1941143940
1139262277
1719367715
853259155
896463362
700847838
1056712293
1951258084
789720366
503382540
551491591
2098132625
1718192651
1105810576
1142809366
425724870
1066111437
183419987
393783486
413300615
318287610
1575566908
555015093
670071583
3360419
2099541409
2034539466
573169698
487315913
929892453
1138070676
882031891
578743508
1857367462
1146318141
766499756
1623364407
1125352728
958723958
1795155649
1864342823
1635859707
359951229
120202695
831423874
1769301165
1837768529
1893411838
602561989
1273618917
1975928575
1148027185
1963202093
1109073541
14248974
390588958
1830199287
151921938
1935436302
422352511
321947578
1295614410
345497158
690756268
1916388842
1916001883
2001213572
1663875810
208446320
229109299
278248198
261762605
1166454892
564126081
1819563917
1450942182
952298261
1428370623
675248010
494751457
905467055
96490224
1742970218
252765487
86004403
294658165
1984163076
390269827
321804804
1579951232
469649706
384213307
1856406101
1922082603
1263457365
2061330948
1541586848
2056960560
1975575154
624148003
76980169
1398719036
1337362897
672686677
369068633
513193706
1404641589
2098416986
1567334495
1971318609
1461459198
1356710171
830175848
1129247042
1407237498
1602469229
735781543
1166301466
1075613780
211972729
1430571304
327716919
1048905500
2118711489
2090061877
463775762
1901239548
165164234
1335946964
1817530353
428492164
1121741913
498091871
783383359
2013752980
601797476
428372043
1741745794
1887035247
238417551
1156943100
1080527088
2081546984
462358871
1856353485
2110308518
1525303981
1406713302
974390822
1725654910
662895032
1411165228
1774052285
416312963
1139786718
472838015
373422583
1062206988
1205768312
1168555687
1600834144
484890730
1784991285
266298994
312908622
1265278279
1371497993
1383385990
1462552988
1198400405
49904440
795359728
1663867529
978829351
249915012
1400498241
83610552
114945768
1377335933
1206465624
997408587
1813214381
432881390
72957897
60703265
1796648881
2094068077
262746592
1471482422
363359396
1628453123
1992754505
1244474146
508376680
890510083
444688216
1000005297
299415137
1072389871
1623248616
1833705385
1883593584
1186312076
133796075
1293071522
440606084
1215096590
1891129478
784099591
1699402708
1740510311
1786775774
23122483
1639461812
652666802
1449897595
739385007
1813458443
129848260
1892206159
2126679439
1360134503
224809691
1590018140
661801972
1558443702
787340392
1342063608
1561958053
2088853145
1494039039
1556241334
1801526734
778569053
1326844262
1326403306
339134690
1206121360
575625667
552636113
751245461
1680011574
892826086
553958739
645629177
492167583
607120830
1959687023
208950722
469347807
339411169
1978273082
849908382
298980321
1572850748
1859740043
1938344372
1338462239
1709757665
1332996926
1339132485
1481914362
70961655
2144176667
2085130599
1512372906
547022788
942645595
1787545318
1955552986
1262708189
1362098638
1795377213
340521691
2100919928
2040950181
1250942906
988562810
870038736
1893598160
1758815672
1972690296
1110466750
1467990283
1948559870
1411532189
2044380512
1425872002
1009427260
2075599729
1026283754
726492694
1087029933
794685073
1522324370
2135288899
554199504
1300987554
1183611808
2118946728
1321181257
243811820
1338926235
1850098218
625428445
11841165
1453373335
1812385726
1192176786
618770512
1892692643
517197514
184708844
758207778
1574120792
845018671
1980425803
415466024
190025861
529252077
765737322
142211960
907857662
1496176491
1243450107
503003241
237899148
601460314
1008121958
476987025
623495159
1297021758
17975464
1322408275
931356982
463489681
1287604559
1425286170
62926016
677720971
470185884
1719008558
2131009268
406928778
1577857978
298620713
941060779
679811858
509402146
135331598
2099491302
928710777
1081823001
683674878
1173335963
274431019
606695496
1384895888
320479393
1731982989
757117059
1323717059
1213702596
1243717513
11318686
562369434
1455560940
547565485
1842634865
913079629
909148014
894010104
1435864820
146116896
1080083325
621458235
2051938429
1356599257
1537117874
7141408
1876992543
1335049178
1335943103
1884697298
1201015076
344340177
2008384827
1454025537
793526707
2007339023
1344055182
1482761480
1028761476
1582709125
1859104773
2033979893
1366810312
681490767
351664888
1283934253
1452507934
267259378
2132730655
464470513
702939831
971791153
1847317500
1256361226
1643455379
1552946559
1579561323
47165381
473419997
2048066073
1090257485
1889102243
518123113
1442382267
451636315
2078856600
370741334
1221016565
293613326
104371190
471471302
887939361
298806196
1135460846
1249099201
425154811
1733634198
280175802
1033144626
265966549
740040013
1638960738
262284545
2140722286
1453028908
1128538658
772210007
882305126
242703568
1458880109
2121695992
36463959
171979723
772567704
981133251
685219978
1049203574
1137149470
1208954701
294369100
22885854
820524931
745968035
1873321445
692527054
1521023200
747523622
871615277
1075803395
295079938
694234248
415692483
1349223797
330375223
216795629
853475298
2144518602
401523631
1810427941
1365226201
1054172382
494664323
1044010254
1600242463
1892794485
1115542878
1448230926
743895049
949107466
2118607293
215036853
1465707041
1681468600
25656796
1656150393
584724252
1820911951
965597750
1106939282
370717295
844981626
1845857968
1482426622
1688258694
986842387
470370652
2127857560
125528730
1847672977
635485406
1801906265
1910343974
1810689936
162042997
1531012536
1303298814
1819092616
1446892448
106275877
662992644
2048963985
1319315298
1876685993
1839646335
1512404570
140136236
1925499298
1629994514
1333245746
108356446
1174895522
664632142
169816375
2098421617
1764203631
441369836
400889763
691074493
424818205
1563831202
1337060925
1188188890
1027241039
197814680
4388068
959190702
1635866004
261838464
564532798
1631152394
1729503974
539584071
1878550408
1622847481
1153272646
881477748
1683908480
1099697567
250306940
1158667795
2083932789
289172418
1433868786
1642028117
423346550
1114471152
59590327
366285248
14273184
1651157829
1605922713
467002374
1280981130
1630586064
571589731
510278780
1948499668
175203737
96356158
1791932720
1894150614
43338569
787426604
70097055
798213995
1291710062
63722152
1108375049
1869235940
1617597794
1998439009
1022135403
156644882
823043280
659909661
831804945
2022682996
1496749018
1105480114
586677966
919846280
720275938
1437487143
1502789329
972619573
513362923
706128625
667800604
168946013
828882851
1788993361
522350747
1508724105
784919048
1605211603
628789974
817061302
1792536493
1063118826
903700301
565726532
555826336
415117231
1500917863
747036422
1081186802
1313830847
857617166
2109492844
358717146
452512060
1784612322
1253319125
865422206
681948644
201945359
1968542713
148118359
1156947029
2090200262
1739940475
1254997305
1314014314
406146124
1942876053
1949921012
1488359863
1214153658
1399637220
1369037474
1904093736
2002984522
784311643
1626592134
2128940736
1590074194
700742732
2010099861
1116357749
157124567
627480474
462203548
208849713
1362610888
1902689027
453198854
298991851
61749710
528398994
1297047617
40152811
1110846660
1263168042
771510469
1619599141
427714001
963563572
374652344
162445236
74400790
1924770162
1206251577
1646672511
513070861
1855876069
1022993471
1395123954
1474037879
1057429218
1719871525
1945754587
251966202
838221371
794570701
1170028397
190389069
1153097360
1548968295
815813465
1908400664
2141825213
1729774037
1126865679
1270359140
496013925
1026672308
19569180
618668212
1787337125
1059877889
94437542
938301110
1132906972
1637518173
1710455819
1192867745
2050535327
2002285304
786456991
1822170404
1282509250
1247877646
624445836
577428736
1054123402
2018885912
325900236
535162683
815690742
1279404939
497815881
951762170
1234241076
1868554557
447068958
419319281
540655401
1952236914
660365806
1538992769
1092954145
126937466
916834153
1302784102
1078130334
205332732
895390695
234878995
198668612
1660911067
2096319013
978774181
2030076393
96762300
1323080485
1272903800
137093827
2101031722
1260869674
544237664
1291908274
1691927647
1983406296
1196140415
139717813
1415731623
550701938
948374968
2027497074
1986481515
823960885
444693189
1000245734
363605967
1913243865
358273011
1626214963
1239760897
477260080
2045762159
1682416528
367164695
739741151
1858724932
330923603
1947800731
1263657025
2121974252
656784674
367367342
2013939299
1386009223
1679322176
530048975
539355682
1036191924
1842669564
922075199
1960127080
1269805571
1481789500
1493285130
1532564621
248075020
991821615
303895213
754262994
1855688231
1604849945
1520931159
1124279553
232696512
1954097984
565486293
1906129961
1705177934
1901711356
1558614551
187574909
863354856
44740068
329264721
127013459
205824892
1697806364
505605063
107616066
503828901
1184429507
779822128
805001308
1836544799
2127042178
1861074109
579199635
132136674
916126264
865212351
294803761
103960016
1237318090
343988203
1298477687
1178713875
194895630
321100612
1555334750
142828304
109418975
1163621275
302615924
536363770
882958404
1610842813
922815958
35224332
67323841
1634385970
235279444
1175092573
1378256328
861638310
155744171
1002599257
1544267074
1355376367
1270137827
1105073106
1113202494
551845553
884296656
1711399865
490923203
700510377
363085485
1086420852
1237878712
2006092941
2050277340
830663381
2121715961
1616385173
2077564611
1164862892
598421886
1380994721
21392584
1221075713
1148492973
1331228414
58576757
1958220009
1071937990
1879245518
1769606319
1125957372
210467446
1683628043
1445719832
1798828393
736904316
1773355312
738345100
392810158
856358015
502649469
1027225792
1315716591
386654202
693442270
1222860286
1345498089
237780038
1559865967
1253176837
475729034
292040911
2068482214
1298482438
1218154281
854903386
1190829077
1087305921
426580821
276374906
945520083
797916613
217926740
1925342746
576170623
360520910
617824562
1789751854
1434325736
1150606913
405354363
894336380
693538387
1464226251
812222095
1595511950
577393762
1044052000
287322520
1142453442
1403339927
1028140247
430630434
1563500401
664035706
492539498
1671421262
155563588
53183845
1273496147
770225580
464080543
1741158114
1708118858
277412781
757500460
1521951413
874284962
1016641210
616817296
1228956036
438775243
1640100076
1655617076
1252937495
1799617771
1059901280
1365328946
364370246
464668574
1205367086
340845928
294833271
1839062740
1317497598
995684514
1485390793
2106139345
239424830
2144065513
197198552
765403207
1522500347
2058824945
1704943397
659765144
1171625811
681073319
930479898
1584917552
1653034893
144638431
59528368
1320720903
1130067918
1573324580
1204246965
272756539
1009295472
1706000289
247772085
1417881556
1533725175
1631374134
47711612
2020485529
1655299498
552290718
1939395646
1956036119
444819652
190658755
1966409308
1093224635
642691150
390162988
271032779
1980200716
464311187
257006982
1038422042
1452116243
407327543
989228630
1864748568
582283215
1311109867
1228661448
1549143321
1620647896
234982345
1699531160
1475636188
1139906078
1970013504
1086600486
2062781714
1828728002
690899635
602636703
1747054981
870120985
1971041196
1200649296
785456091
1007760328
1848571056
513942029
1309713406
1094205443
265244344
1414818502
242450465
805510888
457003843
424212529
1276995945
765156864
339555089
1883884955
1466163759
103008222
658582903
949786322
1732379622
1947382232
863589972
1040122933
467131045
1165887978
266766501
269722083
198030411
1212900017
396164035
1301002250
525953346
783178636
1797755182
432923214
107955434
1553326807
699896077
458894434
586797979
1958539338
152906557
282829229
1869315151
1998943607
2047587083
1003773466
1731881954
519332456
1468607368
960253451
293271551
890485854
456874622
1466166110
460734369
667673773
690829324
1880319398
1835691835
198135229
1732653267
928236397
1345826429
1025244195
2141278420
1773316782
1060658619
666653158
400362720
1027776088
1267001588
1911865814
2130510003
1245224709
1493898868
820914446
1512937381
871709890
1406031648
982297746
1195783685
1218594815
1140473428
1157699852
283711756
2037870495
667543410
786358952
272155507
1263483426
1581690625
389743383
1307143338
261810167
1730561400
1353716649
278497453
1746332902
574341534
641343883
796335740
688049826
698415256
1842403879
1927824175
1764644469
1620377991
1352191395
1003728811
1309352972
1739221715
798270841
1575159549
1799147371
82003728
1208831294
273351498
905635826
694343556
2090085239
1743675239
1478442645
1913403978
1957472413
1068430099
1846544674
777724446
32662072
689248198
1828228276
681524671
1209501729
247467054
1628708157
1780782322
91947482
133344318
558784569
945471793
1249384976
1537635306
1195958391
1197115368
168922681
1383817850
672211209
2044525664
1364721744
1748890754
2006678868
611381058
1409804469
875891316
1653490746
890966465
1383417385
1972908506
2989163
1798492765
2064869871
672360235
2020335571
752458056
584932870
565708352
1432566821
2105256560
1941406602
483082091
1592559246
117543712
750069555
1193871148
1271156862
2002168139
1377626605
655300233
1826253720
894222959
1010105246
951464449
1914776257
2018437146
2087470590
1304988965
664325709
1499754515
1988085145
438485195
1049143630
1130069536
316894952
956393959
1090170367
590189928
1528569236
1231562496
1505701718
242384764
2147232724
1422871107
1151190447
1469935360
1526099942
1251751487
704996508
1349379048
1796963762
1312095030
917032913
168916841
368257668
1933732628
253607220
1032672630
744517871
814512647
1693192715
432392683
842527431
678126002
245352775
1887430482
1615427391
1454152967
1719873781
950332744
2121458473
1705341624
2026392779
2004923524
1443318100
1537041490
1027034072
541853308
713478407
1902213102
1393893198
582051499
1265914019
994964108
1056989298
633238395
1478728286
504281350
387699627
41788611
1036491044
1683959205
1562703535
333696502
384924561
1037107292
287975377
41052641
104483601
414582679
160896111
411784726
236350752
22271926
1667185794
1989428210
100052133
589852451
1649244486
525321536
519866736
1490939141
1728877840
1189051008
1288154077
490203288
1836589622
827754704
861960841
426221347
1464721184
641539438
1780478008
1080872589
277812597
1485137119
718204881
504869523
1558610537
1876425655
2016375929
193280674
123369004
409566974
2044206037
1630088773
1016330357
1599898163
1826531427
1548392003
1999822900
1319817464
123746815
366829648
237235293
1582203475
1420171899
58774374
1306069977
948372373
714349663
666700471
62726800
306176225
1331276232
1224887624
1784920473
1919856978
1579729253
705411109
1709844619
894643393
1998471060
1388007733
434300389
176165162
1269625251
888158385
34917536
202710451
1172377899
1775783742
947340510
775555409
1003742607
1819625116
1581342130
22543120
365390234
773436161
1253901847
392342005
1052767037
2015712014
368620278
308013705
2100165487
1742759013
579395672
599527420
24396840
144997085
1366293427
1127163627
116308606
1445326939
488007000
1992470473
1135907560
726377287
1360877313
1288773342
600063385
238246303
1072078208
609224695
1002041595
443006643
218641292
474184610
700557397
1200198006
1823337389
782023708
1799591040
1935686004
1749317456
190058450
1257643210
1057921134
332413165
431822728
2074783221
1118277255
1982295900
2039131682
477279570
959596321
940206144
2052257796
616580607
670630993
1206224786
356902944
319424072
324910835
1023939159
886055061
1817977633
1946587491
778553957
984724727
1128277961
1235256016
1573161302
507769911
849590146
190441782
1296574616
1340276776
906119029
1445869552
1186342036
1464834211
19928746
281784559
1224968452
1929584719
1138541101
1558187667
719508569
226197769
1901720388
1553194013
1133551696
689321445
612812244
764203718
1109196190
1321820375
940745948
328610167
1068142777
25653753
951745297
1286251804
1908907471
1191020145
2077308320
1294858143
1681805771
1413891318
141604618
1649236854
1889580682
364551672
188381218
475777506
1988747301
1574925665
2142713130
741640637
19988831
1881857028
1498096915
64525558
983315767
110960281
544757978
1480340131
1704979345
1888587882
1307246856
1529920442
1057294086
391681941
665548618
19079270
1925896658
1371545847
2146437687
1974100987
1772310501
4800938
142911784
1748624781
664712202
1544121395
1337503289
1918495530
1755422268
599473987
542844005
1932363178
1758640399
2096010272
396625864
2137490216
1942957123
1345917607
572333558
1841350167
2017696364
1650471161
1104094337
153679611
262455238
995304632
1883779983
333915834
1917706269
2114907124
144593569
1213372310
1147425249
1607480239
1887264105
2035581633
178689104
216433153
2042197707
1763856533
2028109508
531737057
1407674364
3430759
1834039076
577646217
21129663
403170559
1504230768
1947655293
1540027843
962313902
259127916
1198095920
1294753314
518870019
1782538102
1252667980
1236732157
1021899811
1591428460
1991543188
1052462652
1759667644
260987069
1910714992
1861031273
1256434078
508919960
720803853
1649570227
948854766
258199355
587758374
783784456
1343284735
1472211291
1130769004
64535380
543875783
709849785
1383899269
1132872414
1137547251
608906700
1165585852
1880776393
1516957087
438410386
1954607934
784765616
945999534
505909369
1828591108
1236164194
2001800121
1618818931
1446588250
1871713477
1743166127
506352671
330539267
168239311
77048065
1846243099
140186368
1817908904
73176703
1931259758
1025704180
1433734883
980324044
1140860955
580181293
1746463202
443094899
119834825
51294024
855783761
32540828
1186873237
1549120634
1663348163
1787430502
1806711298
980821871
2133722737
777269466
160076544
423818714
1822662937
1030250624
39361568
1892141456
313518074
444261786
1750912993
356871001
688651253
1685413875
1965841179
1417422157
344463560
2128667995
1308429202
1438214879
782848364
1353075897
1736937885
1005956225
1220895382
1116836805
163390205
1793907948
1360361810
1841427800
1004186818
1226821122
1669786563
1147332201
423420512
1588996954
146604544
1095946143
2044696535
535328864
2044792080
542833029
1204286729
1787762719
1403398670
686866791
1272721438
1229915300
409743199
1203948735
2113707289
960396296
953246231
2083885395
816906374
744720658
1365553524
1627989990
294269764
230419839
2141869691
1263468432
1670595957
36803560
979555766
1329113012
1442213518
714624839
824213782
1942062742
426850433
1362185758
1406253037
2003038863
477656078
1121339196
404636429
1368310758
253731889
1350174244
845957892
1561007428
974696110
381525268
859145856
1804765386
2056241087
311501480
2099732167
2099054539
275017447
617906465
1635313751
512332569
1147949784
55606606
1745857957
1775786502
1982091911
147438349
144206329
2060774898
2124226905
469706102
1187181165
275646594
983856238
1069203613
41462542
1168964220
1464835858
878152442
525010451
1139374390
1463641163
316716143
1285270339
1461133485
1329851269
114692334
1346504043
662741056
938272354
1599032509
1003623428
1653680128
1027413414
1514866783
1665564395
1561283755
1424849735
1393599000
1523321410
419772478
663988123
1246434069
115779692
1931517228
609988515
92857902
440436782
2134475319
940145276
1538846289
1766431977
1888066785
874001389
179110533
360857339
1284411526
85840403
1782818192
1191027260
171444241
20298800
1178017598
1719206046
712982609
524337307
122957127
2003990246
175651056
1667344330
1436815828
1477882255
1039491591
1063572099
444949926
315008966
932527192
534147370
1701098459
914277000
2490913
529400363
2002879830
2058284512
441847441
1887888783
793649602
137835076
357063138
1830613925
733998139
442405910
1669005323
22095054
905175441
601495360
68839448
1739946100
96362035
393733361
1509835295
371747084
305590701
1507766652
1908814297
515857230
938517973
1881907288
846896082
977573502
1442103184
1244726329
1381673799
1520464860
369205044
550402389
1924875923
25596719
543229585
2037315515
1454065741
367985271
597731994
1699453910
320336632
174089913
104175267
1371669255
1158231392
2113623019
456558414
16464488
1776285062
263201288
1635975950
1869372836
1525233727
1093643575
696030799
696525820
330799975
1998360349
2056075576
1765849437
1378433204
2095415114
1588692247
1066361252
2120918833
1638049991
1153367904
828081148
759722322
1668211398
1170628697
1781849174
2052519334
1495456362
543120222
848605454
42289205
909335486
763301572
1881672358
1093814895
1188890555
861135205
1933642660
510906310
1860101498
1998664639
1271637647
932070625
1810521217
2027612865
1174016015
54521717
1841448497
837581356
1970498346
1360886969
501474388
566801562
1833127330
40776830
983804620
1782007589
960158323
1851573984
251980384
1148348079
251940978
1938705061
1482590889
1588253890
603458313
1155768872
1782063393
756154908
1760432919
1525816570
1523700564
1169798354
619806189
1782500366
144609831
1561212950
1728247915
807181974
1505451085
1896594334
1881013313
1809317238
2134857170
1899047082
160976201
1547385692
37724872
1815761578
1993702665
2098057074
950997781
1014565250
1883787854
2107437242
1811729766
802698100
1928991468
792643580
1067337526
1724757153
1668009370
2109345382
1973942272
694127155
46129650
1579847352
1281185163
1283858210
1439835278
335519522
1213450075
742490265
828054854
2108443060
277176125
893958141
344915342
1748072825
933184755
1609707667
50007284
1148265001
555016967
1047637699
852781503
735443072
137102003
1785462532
815340459
1240330552
1081025782
113910366
871405257
851336343
886736570
1850039950
843246715
343348397
650993192
1190868946
94767252
1331614758
376176406
1997797962
78018710
1191013312
1087419536
197662975
154491661
4795489
1481129355
511199372
1086797073
479427535
822344368
1018813278
831491041
1354574341
1749482315
265061792
585318562
712883494
842807132
2072530624
558353471
786532889
242967742
403838608
2142214498
2016481208
1172764028
908768275
855366296
1725475502
354479418
592991197
1697798795
1598183396
1651858376
2132499485
1930028129
1787026335
1609067211
1752677441
1050804794
1407861554
456330380
1694051902
1233842127
308827987
84179435
261918580
1221639981
828388628
2079837541
340924211
1739115928
348709751
1769220425
1471926500
1993000580
1810848678
272824065
201416655
2072416951
212277701
220917124
581808764
342798723
491318382
1181723873
372042689
974297639
318724289
450157807
1598580575
2129060684
1043761437
349232409
227303505
1983450789
556948598
1914057550
74866347
822802088
191876172
2007238669
944059171
1091435633
875527998
1111825814
937616951
600847294
167116353
199872564
793157875
1856367372
1955766904
1723649455
1316500821
554700248
1643704745
877875671
1655737432
1467219706
8961872
218682932
344579986
554412324
1441269852
1519600337
1366312066
1176806272
1492000636
1078447664
925282161
557017199
1978818588
8510031
2078159868
906738789
1673084409
1145322721
1068296500
349799146
1457071958
1906475153
1992783723
1448959924
1919242195
904056183
1448867220
513188328
93788641
2126136998
1307466829
847779703
1135572187
765774549
1883141252
726107804
805316027
1111893553
447530940
1747430267
211390575
605938509
677885939
1303033822
85735375
2109737257
1426294058
1999074065
893766198
391918694
1277142664
1539651558
648032434
750885267
1929477411
2026581706
584955617
1801559705
355993188
1297433101
663224674
1949555017
1678627854
1718970937
542648556
921526542
761671652
884609170
41218054
416973237
1530917100
287466932
1016113499
552926562
1629235292
1641523793
756221105
699018133
764439576
2125367313
1153669247
575365986
1610360030
1352513676
1953013280
125320887
1179510279
304044139
1596061359
1779786959
211907825
1928881317
546516600
1823713725
1575011846
809893853
835704079
1254781211
756667739
806501856
2098470921
217407961
881385727
2050118468
2000711245
2023790889
1225403097
418260772
1299243535
1431808656
341837876
990733568
1635968864
23255824
706323682
1417694394
1820925292
1134765433
1267499010
1192402610
984791113
1087419863
1188972648
596451851
1470501231
864070142
690904736
1165910782
1230945490
734397753
1613095575
380987236
887494801
1711203608
1295176415
929642313
609873233
529147233
1142317973
657864627
2135381299
1759166742
1289245416
27686267
1376304998
1908760236
37790017
1426333258
1765049954
1612289365
1263448834
1339917756
1272852154
1220254061
1600160244
990393498
957809812
228859400
796795978
1395957817
1197174207
1250646435
119902020
879118328
1645274729
1202797552
362814329
654579423
2055552627
1968177859
1442771132
869467995
1705135467
1609530402
2096439202
170469149
1919021853
1898341235
478531238
1344354586
563927758
1249667015
2139259121
464475045
2125666063
1748142411
1908481218
1196226736
275270705
483957718
459470702
1705461290
784187235
1743117461
152947980
1399585914
809189469
1109895387
987048377
958544161
1603568574
31753229
211184251
587850614
1082860546
53131954
970136524
845736323
1828069137
1376325792
858069949
412584708
1268139645
1032128586
631080381
749015176
846444627
975532335
792399357
582249640
76224148
1593379685
1548096121
2018796908
858903369
188755532
546850718
154731460
1634699065
1852670037
132351627
1341925164
1932978495
1999433210
1887363837
1896430433
42703939
497626560
851103443
1253322312
1306175949
75448175
1725739315
450225126
1874468665
198472795
1598551888
1816168065
1636361107
1509338836
1520846033
2132029661
1990360072
166700721
682756568
1854967963
27989246
228794626
524182691
1670528692
58639817
1468868828
1976882395
2023402523
69969154
924874566
1013245551
1563402360
682681213
1866356809
984324644
715876617
816169950
1399356189
365425076
1650521499
805954768
390216566
562537879
945766829
334820315
333058550
1794288235
558204845
54951642
69532086
1058917365
882760788
58145294
2033498357
133448649
909504549
2011410649
1881086698
706072980
1007539467
804583186
510085293
448428796
634570264
353276153
455315272
1885780265
1318588257
1220634575
1446052068
1757051370
532304894
1091715341
883654423
1919613567
1756467240
1548144183
968088658
337846774
221009267
1715931988
963568240
624402749
1229119283
1540440580
2100767841
1064550076
1224916210
237348662
1415110908
593580964
1227092247
1829448060
1400470764
703733968
344359323
734111236
1395063227
1157251407
1027840237
71195181
1460715522
1461395587
1858565357
1435371452
1010954938
892598770
212959757
520937906
1551352227
1992853663
1648238731
15660995
209686746
632302620
1877062099
1609856621
914875264
325544231
647932921
1891348906
412882830
1428900853
916492636
1066373195
1514021054
121229848
451136094
1920175595
2136641692
550248961
1984855880
153561476
1841977779
1631516203
498643011
1015625385
106617818
1157841373
572123512
1690838873
705161125
905754001
680071505
1120339060
617907953
1283811581
1259269840
1236232917
211712144
1476759734
1268655637
611287811
1686465820
1904985461
502499573
1484753292
740963040
532022015
1070578110
1918705145
574824168
1730487469
688340495
1297296992
250224945
1094993293
879771611
1912862113
348000756
503515691
64838278
1985946167
798221845
870152697
1312485921
886627250
1495636145
567127630
531149511
1685519559
1661712333
1546337558
1982527010
1514174476
444310050
564782350
1315958015
1600617803
350200844
138191282
490900245
482973049
965165467
406580414
1942049501
146377548
1334123450
1382912853
2087272339
1645581934
678755972
1427252426
1369254739
68214618
1081591470
881303809
363343703
1735528905
1985211414
1661119610
7183444
1962496976
1601740657
1945579506
1445677308
1405523857
1270778139
1822878125
1493374102
647355796
323770112
462427740
781097921
1914281401
1528719281
1371535263
1806449999
1111764181
494403721
1862049328
1226747206
512726238
68787462
502201765
262173690
384300491
1100678444
663875544
869455695
40314117
584644891
2060217836
571722770
456188283
69558202
1508173046
1575529854
437621342
955647620
218704958
879466709
164505202
2135498872
521814826
791112476
726026757
1325388325
1843698878
757759745
925026694
740702427
76373705
1089628368
1193318076
447052533
534944423
1061883544
212698777
424644427
1476928935
1601280613
936803762
515213757
2001491730
400549022
1861706070
1592285923
644321743
1932989574
1193263936
524357849
1957109677
972051672
930864626
867747630
774341702
1239980676
635705255
1699845108
15469957
883465102
1553850860
1438179306
519112653
1720988685
1677159380
1791014862
1491835838
806655816
1583103182
61916360
1122368412
276220661
1500212765
534821368
1055401558
951847571
387504363
212673832
503653928
1092341999
563687169
298102933
1058164966
983000508
610636831
2099708896
732016607
1490873683
1386606061
1226281498
1966232930
1072961682
1013563539
819839732
696845799
585675481
1927679474
1183909133
1332296404
1224698919
1897090423
193099614
1410475235
806837595
1344352912
188151752
1133835301
1825498254
451319750
1366525126
368135086
1777637269
1264223343
532348982
1384277717
1826433693
1776280326
216498505
2051741214
1971669223
1717575201
258114451
95967679
2014477738
1803123206
453402933
656539587
259025680
1728356578
1208526382
1380338647
177188176
831092639
1737485001
1238978215
2035410931
914747737
1240007465
1956786923
596810538
776615796
80638456
791176716
1511948116
1111759957
117582902
1866474086
1928021142
1317039795
817159205
997818673
429896858
227238801
1124004186
1462688265
597185650
1532095698
1999039463
542037518
1093584014
1523872369
833974445
128203953
155335904
973079635
2089473222
2129207316
1240834841
1434303171
2070605334
788836117
845928708
945331073
316872442
671781615
2065498376
1939929471
858485522
1838177925
961517251
961602865
248488753
1414608196
275667402
1648878472
748959340
1870753708
562047109
1172095363
1626687048
138650483
1410402607
887290474
2081410053
168170831
545505011
1119209119
1131044111
1523268183
606693673
1132824858
1138957452
1814138636
1539361464
1415901561
1374146569
74885634
121698189
571066553
1225401670
1780420637
1848854081
1333919374
647845672
2038427778
2021557202
1692413266
396591045
1273073172
1820428160
1941662372
346555795
1479589023
1993696463
2129451672
1330229683
1408989085
505911716
484055950
1414143330
685783195
544388735
1719025834
1998144647
1863930687
1049632481
227782887
1814244191
1281703153
1037017023
1573380304
2126685517
552224284
1360116268
2090761427
1439132358
24636183
368025613
919353915
1394003041
1431405229
1726480638
488252610
1261793541
555593789
930211146
796974793
698199347
978034567
643757327
2013260334
1439244667
366653452
272411000
398962624
1608871427
814929433
1854408219
351116120
510323002
553883497
933861498
1337475726
5859236
917317996
451910559
624831503
567952072
1026217776
893009369
1479830928
797961532
1940878562
787097244
620951145
1259504088
1413760761
1341880956
639827144
1914559489
882926329
271563601
839951240
283698964
330969047
283050606
726896294
1679749884
1225149446
1956459267
837991511
186842070
1749991189
477225627
380541121
549581511
818609402
1058133431
1144578636
107230696
390390008
1584860817
670340251
960988497
2134926881
998280181
1865461796
1836180298
32211840
873264705
435115106
939715992
884027870
2053871749
1908359851
1768709611
1682325800
1327834046
