502475263
645700979
990108408
1901622312
1187812961
1795854091
1366185109
831584426
1028004444
9303655
615271747
268455602
551411073
1093566243
928070904
628996709
1636751199
891343094
718586710
832665068
1623627457
2067343880
2025280105
736805773
277651833
272830552
1719687443
1158560240
1178149599
1234757714
5452558
1212868725
860438243
2005229175
187679893
1763119546
138805188
2136322605
890324903
822434355
1945072741
1523519407
2107732210
512846058
2056271171
538068758
1539289681
1605310557
1529226764
1157648013
1582039289
1889629567
747366870
218570139
1394222398
753330895
1822629874
1996590994
1699625462
1863194012
2102009701
1604721437
1917100415
892003170
1799915259
520047855
1026512490
545633605
1022662655
1974866832
1734352315
740190132
1639969171
548473417
90882260
953891874
1606214304
601166136
1971590390
1205322469
220604529
44736630
1298282091
1633813305
2090962922
1886413932
1594359116
233586519
1408929624
1876349244
737235426
1068487350
1426886380
576813909
581412531
135383148
203765201
1398416152
394100260
556525478
1894625759
1400799662
2007859645
1045238858
2005307379
1748829427
1308446998
1207042485
1972656868
411945092
653119060
1220760985
254007067
626801133
1947356760
1202747638
1143689416
757790198
2080223869
1533441345
1906512565
960400661
368054788
793271195
525974464
1800207605
330381591
1506989103
308922610
1351535916
1684792174
1712755639
372001326
725343492
1116420249
1238734096
458315664
622399592
1680846819
703403265
1024032091
2045061623
795484631
1597140500
1401156758
1380597806
1286303083
2095256211
1410604604
1620990903
207402686
1533018795
1253398293
659614934
134210951
272841893
1560205870
1115940346
287942933
403817801
9045993
639527273
616425460
1409222229
1358170042
415504398
11870523
1267097891
1151359607
296169317
368371047
1210970977
567579474
407159949
336538860
1773251570
474877293
1558284918
1437332048
4189674
2024870930
137539881
597038588
1970872238
398824326
1998687292
1635791256
1974051890
905971841
1244253792
1345823002
559537235
687211587
1502693387
415475555
1374809693
380910414
1237661511
1148990606
1190080927
1125692595
1554273956
1058501583
1042758705
200691732
981858626
1722214141
15773904
1249867821
998613504
1310487988
132385496
1239709718
941597641
47543841
324978280
685148434
1184790788
1416975714
170484380
1415270148
106536995
229320082
1236589548
850205068
494267212
1609889639
1115053225
1600839606
1389646124
632391040
186122655
1874299986
1531407587
1551128391
1352904909
867881196
2082536210
1798971766
412688457
1205753186
1892663816
1751829058
1378503482
1841347093
2126213906
606869274
968995573
332169925
1894724329
1677961746
396094017
1632346117
1100257087
1791530216
130156717
407956816
1558185834
1863083947
489997334
696752574
284986938
1544634619
263720511
142938462
2145405662
632686074
1972188305
2017238312
668716792
1545308101
681943035
1263308695
692967370
868547750
2006086378
229340122
877260930
339464915
432890736
1835029933
257141672
1231717075
2131578747
1695274959
1303462319
1217636234
172828981
1639477018
1533510304
480395739
1763572097
273594418
1473128682
137211373
720164508
1992785379
1425455951
1838116884
741592282
2020058644
1324960754
208838485
523818879
932895577
1304527491
2079609741
2099783622
1040214320
2001436563
1516379447
1528764406
1284661460
1585661692
2139040977
1631799464
1226423471
1632272240
1637511139
1986364957
1476581494
698840363
71797155
1460810692
884749278
736980411
1792683328
1601248210
1068897775
1021934324
142016449
1712627970
779896570
1558715130
692504466
1525969011
1423685427
1239356270
1605914531
1734996392
406095845
357307842
795018292
1581044387
1486720326
1217125025
883420985
935603746
1022951151
1370391166
1648384606
234154500
1948953842
775760197
2161840
1023937469
954642319
1243724584
1259747809
55828732
1605117836
906836104
2044827950
1075903078
1309820199
1735505676
1493842407
1842353779
607546291
1200393672
1570876306
229653102
1199105988
540162699
1117007797
931944338
560614928
1395699283
1666648886
509475399
1031157981
1766706901
1065954665
2127995268
1209580056
54991660
2030178990
833846342
232945680
988053932
1249405116
2133814071
1339820742
1665897672
670931591
1283802210
614191080
2070506790
2040859073
1752200986
238685027
513844939
393042952
1846824434
1205717658
1879967594
1300750757
583675103
42049598
852065230
1359330293
221071730
2120871619
447363696
207882606
443448121
574035828
1751382300
1292369224
145547837
1411679277
846218180
1746495677
1709195678
1988239786
423764590
1441651702
753929298
1013481608
635132994
1023419533
1845379589
732984015
958514613
199200689
1104632338
401972273
1365780442
909637106
788568743
1350568668
1101098703
867120801
1126455807
1996197615
1338371404
225863899
901760960
730080916
154248015
213166122
1863842941
241530034
2102367724
1912537808
616312142
1100470340
803300920
612675498
1029243282
36198995
2042328413
1678791093
1350379727
1760643204
738526145
119451448
306802345
486011479
537975128
2142298758
1660857093
285777653
467019025
1036757606
554830921
1348759980
370303333
1265049626
1912887733
1076204290
1481387011
1317648641
1758129121
1728353387
963387039
621222369
206125410
738632864
1485559522
1501487564
256374143
753846933
1377074035
1482764966
1973608213
1135934734
1148005420
160324937
238058898
2036632791
242150240
1228715854
441395734
2100819862
532065873
1355497585
891871918
1999821126
1725915831
1672043928
767788467
