365052
5377099
6809838
7123841
8476797
10027115
11830876
12121833
12434747
17699019
25524908
31247761
38547868
46009422
46754491
47009943
50702854
52348367
59524285
75676253
81890332
83927743
91215286
94705172
96272998
103604470
106260474
111231623
111807890
112028068
113800574
118044530
120730113
121050239
122672200
125105030
133806653
137492066
141465534
143620106
143989092
144922247
146271267
150032875
156098170
157032579
157133081
159146821
164554996
171327221
173225165
175198346
175737801
184359206
190642596
199686800
200115926
201089117
208154953
213751100
222407790
224817904
224986568
230666210
234445342
241176328
243520340
248374587
254860437
266249917
267391217
268257610
268785392
278838086
301597653
303416283
305531163
306246892
313177147
314277436
315442909
328458989
331912493
335623539
340640869
351261039
351643686
354340941
356962583
358326516
366364233
371918741
373183552
376174447
382781003
386380112
393655901
395138116
397749398
400135500
400839638
409456819
415260584
415570944
415865575
417398742
421775851
423554735
435727245
435770765
441137520
443121026
445098990
445679909
446707827
446810154
449619449
452487799
455609195
463322113
473248380
474186685
474947758
479718446
480781815
480783385
484444396
494503105
495202355
495963788
500952446
507148157
512160139
517921896
555828158
557351949
558991702
562273782
571270717
571370792
575740301
578684850
583494675
591284249
596833479
597042125
601504120
605021978
610515229
613921491
620149161
620527726
620983480
625697410
629106607
632167968
635192911
639132557
643748415
646049571
650288617
658746318
660576408
665039496
667211577
674986672
678343951
681953779
688574566
693296256
694210320
703691626
713335664
717211547
720881774
721133381
745390708
749093359
751646134
753086929
757023798
757384374
759858273
785364683
787658478
790456059
790555525
799951254
802404251
803568467
804280600
804582913
814447145
818505736
820242621
821180216
823671718
832175038
836317830
838475620
843949676
844957432
859999734
860996437
861799701
872513434
877432480
884083059
887400515
888946905
893068826
904387278
911921227
916664195
916968063
918007587
918946409
920107621
921442761
924091192
924970491
926422748
935713817
936824485
944282904
949982807
968041645
970805071
974246808
975012309
976381262
980817727
984716064
992814423
996789851
1003553029
1011586516
1016236807
1016908681
1018164326
1019927730
1020874978
1021427147
1023949587
1024809257
1026545107
1035279770
1040662608
1042367734
1052583896
1055469840
1057135501
1060891320
1068483373
1074905595
1079111379
1083434979
1083831445
1090715116
1095759036
1100678691
1102438072
1109949255
1110940699
1127730748
1129681486
1131785741
1134747705
1135627480
1135812150
1139157447
1148251723
1149379670
1150800544
1154539796
1156361926
1165060841
1165195856
1166621185
1168674363
1171405078
1185182522
1189988332
1191723964
1195236968
1199281824
1201154346
1208131213
1210481015
1212865659
1213622900
1220840706
1223611432
1224561131
1225250095
1233117253
1233221302
1241139908
1242841929
1242918750
1249108617
1250135497
1250600181
1250726360
1253011813
1253466685
1258833807
1265346212
1274906069
1278840928
1279356719
1282883989
1287899976
1288772539
1291854064
1292426083
1294428058
1294711405
1295975480
1298034298
1300495517
1302517382
1302578093
1304199778
1306011263
1306135376
1306399688
1306637767
1321945966
1326311827
1326909025
1337082414
1341595001
1341758856
1342465843
1346293136
1349093410
1355468579
1356705308
1359226892
1363420658
1364368637
1366953304
1377794547
1380562061
1391135942
1392390199
1398374096
1400102532
1407328448
1413375116
1414290605
1415693360
1422294173
1428482578
1437894720
1439735925
1440771752
1447283760
1451903859
1453538354
1453737504
1454029459
1462025758
1471733433
1473920712
1488389483
1488883240
1493049107
1494177926
1497585662
1507615008
1512426531
1522341272
1530664782
1531208825
1532406188
1533578444
1533952351
1536987447
1538862750
1540258589
1544291137
1544845566
1545192770
1547499831
1548033136
1549212697
1552941698
1553068926
1562550350
1564048258
1569816401
1572826530
1574943181
1581831002
1585500535
1589783655
1595274105
1605307595
1619296908
1625384337
1627192975
1629316103
1629498948
1640007322
1643601996
1652569041
1653458288
1659582402
1675260918
1677684390
1680722063
1695016756
1706138210
1712371770
1717336993
1727053603
1729986186
1739572915
1740790142
1749325648
1752773983
1756920916
1761855639
1762695785
1763522675
1766886854
1773991717
1774938525
1791621653
1804845874
1807018631
1817460321
1820025378
1828850712
1834294235
1834420438
1839556032
1841311324
1847154715
1851056544
1862593878
1865809213
1866157396
1869417385
1871903603
1874466910
1884878770
1886353755
1887783498
1893358026
1893543154
1900718214
1900819314
1925526251
1937097159
1939759799
1947874718
1947926623
1953179547
1953350997
1954120774
1961368108
1961469710
1962042719
1967728688
1970456287
1972882166
1974732567
1975576252
1977303903
1982653932
1983375997
1983513199
1983958439
1991556922
1998693394
1999133011
2010851427
2012162379
2013995760
2018457194
2020697739
2022611685
2037491012
2040170020
2040208523
2047229590
2051975894
2063804111
2070123892
2073910526
2075254962
2089905121
2091786855
2096977810
2103855714
2104538866
2106327064
2115288284
2115336488
2121110203
2121806121
2122074832
2125095634
2131341962
2133514842
2133793641
2141752085
2144370903
2145696315
