1454366991
444683237
305215556
576771231
1516434119
319351267
206737155
491048180
1077019469
1077750679
833386901
689070148
535423526
161825906
1303598623
846369810
1902470736
1764186828
1613112394
1869368912
903260578
216724635
409633907
720300457
54196305
1622846928
1156855814
415597675
126975631
497334865
1306203365
155194384
513711693
1893158287
1405058561
392554344
1226250018
1059955141
483169036
1574297956
52595268
724826316
304638277
808670849
274398386
1932824732
462798706
633542350
82254196
969221475
579845868
1951059612
807867898
1290550075
551517140
16615362
700988066
1475283340
1504970340
1659024778
1410412885
1707901438
717291360
458347836
637099089
469208344
1240777130
1953713476
1463785217
1034565242
2065060597
2077742338
1951982343
1372398259
1479306642
314724143
1842717532
596265152
722605414
995401959
652486543
1440188706
456280573
2014228311
2063690025
741694619
1462470583
1654083075
1339358514
539456644
2016733728
439977908
1405311948
1999685326
665444702
1719487485
202489852
100278163
591301827
627649385
950600073
308408920
1630399618
1609264195
1136192253
556123362
1683242111
474178050
2127801800
809577905
1404758591
984125774
632370820
1252261917
1052817407
2054933171
851723092
471916556
1843379936
648480225
927415909
655300430
1497113151
823355293
1971650198
1672357525
1824613923
468286536
151105588
1770466324
1254193872
38162698
1860847582
208656818
417836920
969979291
1039466888
722752747
956489233
633639086
1841532314
1604909636
986530370
926863610
318746168
37396073
42831223
879961318
821372573
1587775204
1901324819
2040349392
2004352672
1746203772
2144255941
630336506
1519664217
1292417320
1465789172
1030910993
284448221
1844179886
994720084
633681755
943570212
1854647005
1827610010
64227709
804718604
1339925091
1517530188
1125828327
1510037111
415982412
55677873
883086045
1265023119
248189464
1304158440
1339026466
1666807593
301026423
2061992981
371024451
215760967
1835067555
1065526710
2016220541
399071672
1613828186
1952628500
1593199436
1341070298
1907347831
515803092
1450770833
1591350912
770629164
776465069
1085999710
852058606
1718212318
189485876
1386142306
1498398209
972101533
582797010
1425576940
1986806124
1148822335
1458592472
1371830429
596605724
1923245592
415414697
1479183279
1898842045
1867033175
1062177045
615370460
122666326
1460221952
1058972615
304227308
1041936144
1135164033
2047752148
1114275038
684419860
129607156
240057459
875668658
536867985
586774000
631820492
795511505
701570013
363249676
437335529
1376361242
1057879731
1639199729
780285385
2008501386
1327979163
341328667
706177427
1792323719
2081774439
1380239916
954200296
1571646665
1792995289
1084863981
1689209937
1019161062
210501218
177389026
631516376
1295327352
676082693
752348808
221997746
1438060268
1856055130
2086296877
1354134809
1175814634
1417701807
1447165804
1400876344
13760860
80365641
101138500
892091968
1184896030
1614553032
1357024469
1877091480
1348832320
1280394152
1130738358
878851633
1251044858
510893028
1344702965
1273044471
427791149
713898677
455083180
1381456995
816057746
748571768
1147559484
1025474349
1040894337
948888493
1335673897
1387979295
1274172256
2769691
132543122
1686661893
529353126
1160341522
930274891
1061016257
216311179
1183626952
769926809
304819579
84780110
2036386533
860399753
14255093
134789922
461934106
1909730797
563113980
592158646
593942252
2089996788
1524354554
802099040
325317007
77026661
426358185
1327079141
678401261
38288504
1068108770
1489730791
887481798
151695441
1956388755
776188140
2110147057
910147097
608953295
381026567
1091890624
2029530555
1506244864
2081507365
1303117185
1871497784
686741303
721987317
214938913
1728877992
696945572
722377077
346589164
1540358862
565418785
481794838
980992623
571993686
853916648
1449829259
269953151
1662038445
1144404070
589325875
1343107410
561858941
138210599
299294241
1188537290
1599351236
2070017008
1424838852
2015786194
1515649424
1587129835
930451768
1227680225
449319001
608304893
105508392
845881756
678702843
334408756
1476645981
2096252056
754224718
1000337244
1885720552
1380630589
1442119012
1883074993
1779185128
1735396806
151742814
1298202542
518152441
1757063012
2146027755
1889495044
1099893305
1715006850
1560872286
1135810470
912845048
402775588
502995819
1783833857
976052988
748200041
1123831167
87727177
1917171565
1453721135
1321132473
386858735
1384361571
591218133
996836744
647104558
897939211
1353928219
973082850
586803397
1073806960
1944335910
1902379805
1284262847
1051830508
1689807777
1574810478
533436014
1059584042
452157693
1719586557
969602422
1944668118
737123800
1933991585
1337256197
348547812
1292383099
1452027453
1666785824
1471320954
321763198
1106579382
231842585
1498451835
1453655686
1753093008
1293694237
92472241
1146106159
1001681188
822371561
1076686742
1480987908
462518400
1477138589
395994047
2114143147
172853211
557707433
425587942
1632041502
1299357363
423544292
242095506
2044267028
1663486085
1985001147
1284907109
1881257854
934295848
1107809670
1015119106
650816557
1865979079
1519495670
23325081
1185956752
1483898233
375576491
1479054096
1214025883
1704730751
312957922
281167311
1295622084
1678449945
1748218956
659661096
2025756455
446283525
1997037817
955963234
1865643722
445851285
182342515
1074996321
509696762
1018927212
1523186920
1567016179
1891713748
778817236
871091583
324720825
463043808
1158268607
1317017291
1614493872
874118103
1310138969
1116562269
1706749019
1493824901
1060428614
1695511923
1563330447
1109216713
1568513661
1894661839
2096257754
1236168634
34851776
460538787
946012305
696342244
2018882231
2137324200
527265909
696167088
947537832
1133960270
363095041
1814162913
2030184918
2058744590
228291923
2109989947
906786163
1434771163
1621426868
974811198
1960606530
1404526006
1536590022
1213811472
55908302
1363970913
394757449
645077112
1753220160
398993963
70939786
1831893254
1342380769
1730045674
94526312
1363860561
743123245
917154311
896016388
2073228633
299075984
1782654899
218747652
931582730
988503744
1668546872
802261892
1656340194
38595254
648014186
34461595
1882203049
1500060490
1130454588
592210821
326360671
1829832298
131246447
1954044274
466189108
1237889014
1183054436
860339178
783614129
1412043579
463604499
251223259
704973556
1593117195
861200916
1168212801
587536664
1465404277
1495753691
1976414576
1583615667
172579879
526484737
1757003265
15338361
117762652
952766397
1112363351
610851581
1353625475
1147276913
2084532684
1485069976
1528795502
276499809
1638819965
1344566114
2128764211
1512736126
1523902639
548927069
1774917027
1387258464
971637725
1476962482
1914335076
1527231827
155718751
2052707859
828290222
1035847560
139421880
1762115391
1541204638
1496898925
1790712188
402385572
1424011834
1012276503
1911755740
1848286494
226426626
1364666842
666960592
756014302
163536175
788866811
918970592
1088847974
291578251
781972349
1492556942
87681968
690846956
297013527
1690622307
932920686
631049550
51824711
477591445
1187827309
1596401292
1867463552
1229204561
734201107
226143419
1191459711
132715691
1770495751
1287911971
1490144956
856935712
1501344495
614525659
1201044987
1739470788
349097044
589023232
471308289
1622752012
641311651
681012370
1184939620
1851286330
1723405389
1067621867
1106652540
850784353
1819808525
1255027164
699814262
1578466068
392791625
713112677
1782471303
1784936879
1586692754
1325408017
2020516412
1349947457
38767942
51311596
1869009904
1654011157
1792059221
1063611938
1319037528
260887516
1493565984
1714547254
1388393528
1204369784
1190682749
432736219
1350218296
1979298407
564807127
772458354
1295663057
1649534410
1775842675
1178846497
464263522
36640529
614753229
300993420
2143711583
93755461
1028250657
701012019
563406504
868013810
335100933
694373224
565956088
738201007
994789171
1018994155
1275682932
1747469388
6272357
607491620
846856547
804186262
1964424281
921310972
1190522109
1063971273
510785524
769278552
518111836
1856168083
855667331
539838770
1182825103
383086017
1886629660
1767039830
2050784974
1923127688
1882699811
1721911479
576106439
1672715634
524702696
1055467116
1565872151
130228964
1837998446
13281610
603579348
632201288
658800455
1417041950
899954503
1405492955
1921728154
465573767
1861869239
1267356436
2078098503
2090750318
1233953120
984977840
339761697
1663621668
1999593859
997903191
1726517850
822267158
1976578967
2001754348
2102640381
306395951
170358429
988742262
785227668
1192502474
729210769
1678396070
989726441
855431507
101747196
810395908
2025085674
2126804601
2089631654
2046491834
2125983909
967500049
1905936745
734077437
1780147827
1308766602
289028897
128332820
344276530
160968201
1163480256
1255122438
1061689771
1669270561
768406142
304806884
31791890
1614697520
1482655277
1696370352
1647578027
1189634137
92533674
939943145
1502677641
715034905
114981488
2135935412
127903089
1012265352
1827583558
1161227433
1280531934
1640998191
1386758425
1136686135
1983134750
609491328
434790372
1965919412
1600008858
964007158
1794395339
924818948
1571042099
2039373258
2119880776
530149861
1957427399
746082895
957152124
167785686
166045394
1220504810
1843459495
1102797730
2048033073
1240354226
1170402995
1186535309
1220550146
254509984
636446955
2123211545
533828520
231731059
63122377
767447413
101074155
1334458915
2059293164
1286466179
1736838460
245954815
1216152616
1496219013
1962192661
1692711269
1522504632
429225059
814384767
1528614430
2118436238
988893595
323920301
646797396
223625419
776807109
518947270
129148464
1602499146
929321410
1827792320
1341497620
144987991
443162241
1447895400
654222706
1407828350
20097901
1153081982
1388822087
1973011837
1455433335
32269820
870112824
1437050715
1905604795
699416439
1095258183
2015344018
836142801
128840863
1460877874
368289127
1658301363
93605601
1520806504
350691931
1825355846
192570667
1733249960
1830331066
295690631
1544323023
1920563257
353481552
939239251
351279233
202704576
2072710203
1007967698
1069586555
1885457089
323215580
2067833730
960403136
164848309
1049689319
480177628
1961195644
2083950019
1824481434
108983972
523728266
1861477151
1009724939
2024305618
1322132240
385901820
608623001
1803887640
196986437
525994287
1328263044
1246419472
272355667
1618342241
1537990809
1529008132
1625099352
359116017
85420038
244723289
1950747782
476348004
1678261324
1809600152
435207017
490421897
1836014929
2024138010
131321928
856233774
63140245
826858320
1399143845
1350365048
705086589
878920876
566146272
1660879843
1957009355
2143844400
1421574648
783270871
101374511
41023633
299442544
721989347
1129870582
551449863
1603801680
1469811608
1376879329
1231277236
221283906
362279428
618127889
421371566
918991325
721732554
1086567197
1055953067
1879351040
127585243
91387718
1899173448
1681621844
1653039059
13934530
110043894
604814579
2142338290
136020020
943509634
1027258151
537492149
1444329021
292332607
1405360458
1385368848
1676621868
775470289
2146419149
1692069963
2090818769
777966233
295055189
1694840950
149573231
838440120
635247104
1932975754
772438735
252611778
1004805830
728548638
871740017
783176449
716013306
1031540419
839829726
305626467
754718190
1385906172
495429657
1504269057
252692150
1007765213
2025056564
1635380812
809223174
1696539199
893068286
431232982
1264989237
1284145821
1436239834
1675346874
1136055138
66805390
1742630827
1843182506
909268405
440669407
283951851
750100371
1608149951
1632327244
1016731099
441059055
373713659
38318299
597170900
1768500390
1420213366
385365718
686888637
1178808226
820335498
1777818467
431762070
1591579118
1178046150
860143297
1383818288
255344777
538576106
427705377
1059383295
1247743437
1886707725
1754557215
274441736
1631070327
498043105
1491044059
1727081460
1881061714
467960847
896732344
1569801799
635531653
861045692
1339348145
1351697066
1278178165
330682157
360826195
275236196
259694680
1753563783
2122777947
1634681831
964490328
2000701615
1536060652
308565639
1853832031
321868112
246321260
598881093
1960446085
1867408635
951738109
2134033354
479099412
1605474664
978448019
934078575
685962292
565004250
741715895
3316345
407411768
2038957985
385278679
648658786
705756803
865767097
582207815
1835376466
1917315352
1973533328
968600536
1256460461
956048574
1170809573
1818128659
866159301
604133068
1001961676
1651318035
1235251632
57144726
316019662
1672230140
989793589
1442896244
739389229
693018652
1769258208
861443180
992377156
656359580
129768245
2071550587
590362381
216604130
1609622017
638379141
1330077117
596744839
313491916
2113427414
1159603338
852873200
117014122
1666899028
1409855628
1548994955
1574027953
2087136068
639655105
941226408
1128611140
545980597
1236025387
1644356081
340211854
1566308748
1991291924
189303176
1116602315
7342125
832683122
1083898555
345211712
624970179
1288721509
2084479590
421973387
1561830957
610844892
1491798758
381041685
628835462
2094541656
1928334517
734497955
907116110
1129440969
422522535
923922956
845978426
806412436
408457152
998212101
1625898900
804773814
1547064496
169766424
447027024
125522946
709309164
1457494451
1343285165
896112518
1578652521
2080849757
443142532
491955212
878208759
1686992643
790113841
1964924604
824272441
578260849
2066682139
535870431
2115245885
1888505052
833492961
871177406
1832391356
1307852443
2002244386
215902632
667198191
1590197750
1166651881
1365215763
2007135755
323307543
1462172084
1123548378
758890075
572720414
1576465695
98202277
951056889
881815120
208610098
917466215
1465531433
423208303
1248121156
976486400
1617719890
1155477284
1462643081
194315522
181386906
909173401
2012307519
628165520
2065801757
403046435
903956850
846176098
1546080457
549765405
546390375
1535277286
168569049
197841616
285143467
1800232577
1591076843
244665998
1091509432
435918835
474535872
1989075166
832780864
789968345
1184877712
518255057
968904217
1708822347
2141155080
178765939
672924614
206010277
675933153
470975325
1013692574
2006699620
275759902
1154465896
1336000156
1856416550
1881936098
508898684
478134722
15828947
1940277739
120425606
422173226
432794331
47777199
673715335
1028945066
160969621
490541073
1368660425
937417763
1385532103
1840356544
1983498030
886492518
1994463555
1903040045
448518817
779231172
1269352110
316121638
1637578413
1201286193
1269555804
240915988
626408236
352271636
1699362903
1435874509
1546123031
636285102
1286091903
1603710999
1190946173
1007753252
821482955
2045839290
1009944463
1210924330
1993888685
75432001
1981435352
296917070
1833334676
733612877
1034838665
1933238751
476957835
1311873941
387385074
1649215352
1455482623
1997602429
1411388941
1283682348
104408733
691729746
1746624053
932845903
913208410
1710450720
566862836
2009429471
637902476
721103920
368558073
882350734
118297909
1946646562
631401000
2135416941
945416289
842940323
1942643660
1577699382
1576209061
461000906
1925960424
1105365046
708245959
372092180
36094123
1136217813
2093485948
1667643386
156486913
1356129220
831380556
1046508845
1772046662
2000286145
224267922
299217006
825625621
168289034
1162184607
846104843
1202876479
698800732
152199423
1897429753
95228120
1375204006
63554515
923574155
742126699
711036751
826315869
2042593229
805566797
455354145
490476443
1783984767
1756067087
1434489808
1181726986
674537393
641341709
1736413227
8365707
8741880
1499549219
1228582622
1476606051
1317236042
451500415
587314145
1484346205
1175292795
481475730
1983634049
374878986
1351077461
687890977
487797257
1492949545
1669540685
976636536
1332796173
89679649
1784120552
654411965
20156242
1895739050
194022826
270107490
41320029
1168875148
1717280950
1922533812
2111121559
835226240
984369671
1935732881
981041945
1724949811
36624457
1852901430
1259097626
419497832
66843221
1259560246
2079598578
1418118972
787860040
1500763783
2035189450
1837629829
241641535
225534647
676750051
1980815188
1535518384
393807420
1528757119
87785882
1619008104
1769618664
759545967
2113584359
206684189
2028126331
2066025018
333442893
1770416559
236906067
1270999783
891980387
782927104
125625918
1657405800
293882726
1500083820
1805941872
1075501475
1009130361
1385455847
1547270288
2082145054
1490776589
1364137394
2060905452
1682286661
1368800091
1207567802
41535693
340529243
1411605774
1103343245
147645670
717035003
623923967
28941561
1924493542
1926839370
1767087640
1800978243
1025382189
146451644
441425753
446587137
930091930
467863423
1416325369
1779878549
193771139
322277511
497479588
1711021638
1552868542
721609527
1087981027
2076683516
21186268
850654889
1435757466
390175896
1514076534
1047846042
957633450
1287543278
1625796767
1721517301
2092753335
1098313824
1102930041
689139706
1839251972
107020568
1206164707
424859915
583146873
960279521
192021072
339903507
1658342343
509254562
577378739
51476371
1592509858
1098983545
49170838
1636207947
1190115629
2096685424
46564938
168125313
886915700
1556103135
1853920057
1982126321
131230226
2094769758
64538455
1927355729
58141683
574852452
892167863
701104255
982313012
96116609
897368890
229558857
1378926631
276242228
1862235746
1406371033
69173618
396791914
754132548
1464878011
827449686
50872212
2025809820
1769574796
1974594062
63627363
845508347
1220136514
630627406
891493923
1430545179
1236658194
876668650
1263835057
667370067
1100249346
1071986328
230973722
1538157861
845476619
1308557262
751027410
745932789
613754090
232768709
1572052622
1794868693
1824391555
1304508832
1267485118
739757691
1484076018
3819685
878427562
411603284
98544176
1861277865
361435432
1985640369
1897521247
937318283
39206904
271517727
1657624243
1251683030
359967676
810822870
1226259452
1661290634
1713271446
567308103
769324755
1884838389
1090671968
1734744792
1281087329
1871833786
956401539
1094752428
2116279239
467813875
88236660
1218606747
561123629
1477624691
1073780433
178236225
810138475
441739044
1527846164
2128005426
1063521613
888525967
1173981169
777319243
844684166
2016262267
157211218
2088469540
1391416373
60222124
1510728429
2096855713
55469324
994945484
1787359102
2112478632
508893731
1089565544
1993247142
615606509
1499324248
977607185
229207904
1532556520
1001664096
98491299
1955289372
240856040
1219679087
343169442
1684260730
1363361345
1517916800
1189770687
1515565732
713779105
1594595137
1687106683
1498584392
955594625
890550686
837019619
1735454001
1658891959
1999257833
20972665
719055745
1109812263
347893667
1601774131
136031885
1305084570
163103210
2109918108
969998165
429756839
1169254526
792780057
1450519710
801315789
2010983025
510744135
584990126
134308771
1594586987
683581311
1238455971
1178171942
911938711
458843515
1970325617
1997940786
901672494
604589330
1282467446
1298873612
1589589918
1427497247
710302652
1925837852
992191574
1222458496
422730186
733004728
2125603633
239342138
536648487
646973211
1677010556
587388346
7394156
700585332
70197926
1309533494
1507116805
111966235
88575363
521320498
82175108
547951070
1610369085
1180840991
201382305
1211181434
1504673239
985688350
654523858
187787557
1717608543
1922308322
470748291
26019144
425709232
267684275
785991923
1908890698
414551265
557467534
858310059
1219395976
1017993550
572495209
1379903899
886457696
1494239297
1044869269
1169812690
1658481773
554004540
2035165245
915711705
1255663565
333484261
2020911883
271952045
494403741
1560542862
514313450
50887768
476416134
704740448
1194780390
2017297451
775111025
418795301
2049004335
34182042
1102827094
1482257071
1687709500
84933556
66494258
1035434983
1632349707
772187453
37906967
12996981
7292039
969110121
1096606557
1014203657
1531468291
2002502200
399017718
313702213
1217001187
124948329
744252639
377360455
906775387
383730972
1548157619
1615951574
1535830094
1293878023
906789978
621400104
87712856
1512287060
840527326
1880896077
1514933991
1857008662
1485205598
1831703356
50230148
69424743
599708699
1355947640
230919984
1947161887
1744974255
222559071
259111401
514536755
1767066718
550759951
2105697868
1561354663
393281413
89316597
858913108
1853445425
924012847
1482286324
1560681536
1717273452
1475730375
1153910318
368315027
631528373
1901715687
2023822193
1681292853
1598906278
1706915663
74657345
1241185207
1837164333
531260913
147634558
2038980788
1749601352
1138122280
72993970
561821267
1926879327
964126473
1138283001
173959656
2091019581
466250706
1232574605
2065509818
1156613037
745996160
161138157
140567519
183155117
1826260860
1884483498
248059204
291097169
1165369205
124602318
1084593865
301689143
836610121
365061609
1146691209
342694819
1908118556
600069817
597732151
1087195447
602153356
938851445
25608099
2006605392
539744251
42363318
452432988
1924889087
48248587
1181647107
618365296
1285276066
1585359656
1990705911
879690319
293147679
1421146430
1614107921
258201038
1578661564
670528396
1747249944
927784007
1771976094
1445751184
2084101417
789476829
736973277
942761250
471422047
732381917
1448179520
1752557213
1751341085
1874937920
451957658
363885111
1733240314
1899600461
1412614592
418242674
814997066
1363988315
631511589
1829241771
574959429
1031314612
189578005
2014303440
390613207
478617494
888158858
1049131311
944243459
918451283
863052718
1335071593
1449443572
1375165848
898859502
1300525445
1641757346
1686625738
1577466807
1725352481
1596323613
1889191052
10821328
828299971
89121146
1390105181
736696404
1741936973
1156252247
460076127
1125757514
1571998351
1459947532
286472754
1168806115
503771127
1730406255
1886865407
971065679
1879449187
628064068
576988817
269192252
868380695
1263650880
341832605
1439907308
244835274
1134934968
144184354
238925297
1100192475
1755691755
157788907
742195336
620464289
1070391528
1201124658
789420944
1987609823
1802193181
1629032287
2122893605
1347539799
23327870
444253165
1639657950
1455968885
789288782
870524526
487665823
1443930924
235551117
284712101
1122353691
181320670
1511404543
168630225
1993781737
225081461
167621588
1848664073
2039496514
1966856591
677154553
93025218
1231819605
881247446
338612986
1743183214
2011366215
1286158445
63772818
610271551
437172170
1071383430
1550206417
1332380937
1123021913
982857232
358287592
1598886982
1786763277
1260165518
1150940564
998187571
677253663
223716611
1944047397
952462359
2043913211
1883733513
86911274
2093292963
1619094269
1503836418
126036155
69310837
1393249226
1787669093
645910627
2083981239
117733710
2071673658
483844263
1162079460
1894707533
266162849
817166135
494283435
333965480
1027802763
2071148209
83094764
1480360239
1426318732
896557324
1556030687
306037533
119327689
545320615
1448760404
920679476
1031263500
1302678510
578784020
967116406
1470111222
2117994406
237410407
1485666429
1224418900
1349016535
749048495
1261085047
1781319306
1445600083
1409742642
380109506
644336171
1715121638
2011350005
567597344
1446797739
1814521116
1128009155
1394263959
739687724
787223465
1094366285
1253971432
506675828
1836937593
1060173419
189340841
1400041472
1993438805
173459585
809769217
324116274
2001368366
1965092604
569655808
912848805
1923899914
20446972
1869650329
663094689
747654280
1005815564
612930365
1384416682
675330321
1174389260
1314933268
1023547187
1152000669
530077232
166174938
514631792
204836639
1202242081
2114798933
1049791817
1737998479
1699428929
912535918
1301271402
1954426002
1386797068
1501684723
1255900535
237733063
977935770
1917135592
1743826781
1227372976
1922363200
806943110
2142901700
1892155963
111494486
1975804881
1059369632
1544294892
1912600596
1477474777
2049714407
1476020138
166930326
924736653
288719197
41697059
300802559
1246987830
1782555274
1591594716
2010171833
1156047000
355866062
1924209880
72588762
1610670752
698993547
1742148580
1043834530
679382985
125612160
21865341
1262299169
1976750866
382207542
684840031
2010258678
302600084
848466066
704273324
1481808689
959275202
216713867
1288697525
1217881434
1763550274
1523217398
1353939303
647317899
909641570
770435709
892737877
51908792
1254027832
1603198895
1611079517
172875791
1711786587
1345396273
1709361658
2030308986
2131535672
1452879889
1394657830
423923778
2004791825
1197201467
465396970
1100167885
110381976
1516400900
1495196547
1467761288
1562751268
1694982628
1980341298
211383520
148667278
1044315713
298810785
1120522345
1306915243
2048278374
2003609325
1227832610
727566437
1471540114
1787901524
1774208720
1579584120
1345313837
1949374588
2063063942
700350918
231027990
1555382878
1888170054
578002008
103776023
1207328717
288230850
1841719026
1675868026
1029677223
1081075515
1819531090
1902479029
1704521367
1858092427
1595883525
1068625984
1904375172
483323965
647063525
548138375
12585113
317013722
815226674
896173563
791776754
2057198655
442190924
1567561283
824064736
1974638121
305859082
943954065
2820825
1031156435
155455931
166453263
68254463
878528182
1698286263
554817911
2014458955
1734861935
1862465952
50594498
2045767254
351152319
1479321914
379481080
58291396
1459209388
142378724
925479718
1760450893
961726404
804408499
4230510
1534622825
1623166081
1370977066
1929613112
808269463
231983304
1928725655
1282147719
69962827
1747510412
419630092
2005520998
169440882
387569808
844544505
2047172224
1259923875
356448073
85194851
1149096399
636347875
1074405857
1174587587
2087511405
2098821397
1663699800
2138858877
490520710
2093104636
669207493
2122170619
1062302319
33653230
91760059
1552194662
755940303
389339928
891551686
279252993
1081866491
921082216
138261525
1426652962
1395859296
761011227
1508112433
1432916429
1793384473
1048557027
424230635
1990356462
101392801
860645812
40408661
1628178995
394535586
297560619
381887462
301864068
1742977004
18867611
383647937
1931904544
1433220993
1632651446
1370642447
1726586709
385860301
1443676629
1295894920
1379181787
1541915123
1401908964
1761554961
1496897742
1973649986
2058829805
1082924160
1261619527
1314261446
1486436415
1001208955
1498001046
503468539
1066162235
1588884862
1196700445
1121598365
829299130
790958075
1586208460
1896852891
9570590
1047453339
931921972
1238069545
1563272436
1753691555
1510968650
777288948
951733827
1387705970
2000491963
86737265
1784263540
505483558
1657077990
1175038031
56999901
964427359
1023799675
879663371
681294316
1346163483
212453550
500757665
862116332
257437888
977101591
1912969824
1781089143
111506233
1607534889
1271211991
1666640761
1110417208
659893580
1027360235
1787073756
576172697
1002877338
1507489034
337489365
1355307239
754421555
1276914298
183924682
1761158647
527718718
2020094155
307004383
1031772338
1599387004
103112043
1673408028
701384689
1296860298
463785304
1957060924
912702337
1521816499
1909324528
731155733
973640517
388059759
1555898084
300767647
355516027
2114299261
1272540747
767508642
140879127
1152094616
359655379
1293867008
1568228683
1102256089
1891140114
1905342108
775448360
57097640
276212986
197623270
1208887390
1053350496
893597803
1423258117
773145119
503997567
1344066019
314288799
906267426
602478726
1161653072
759137864
2121947076
1568371571
1468398854
1646373508
377649736
324180697
456602828
195295867
283952447
1825303705
306496529
2052755000
1581650435
919179327
645537596
1984746653
1008987485
1700561915
1761779745
938912231
672345159
1004027706
953425295
1584401626
1241238219
1206887648
1226451462
763542665
1901106954
1685888804
1597066118
929016004
1745308248
453992201
1613012610
245022494
641585797
1710741877
1427469812
1823620761
1539026231
785103856
194751114
1615813616
1430935410
1897181946
1411803902
2134941825
558756666
561413128
2144370563
931859926
1765238096
1960434973
370676315
1333112783
108743959
815873026
1889087365
1455679341
902650010
1983721250
2020298132
235755581
1620416167
625148420
288706971
2028405343
1930266899
890029925
1318101061
1929360178
793565473
1099576049
269151745
134911646
1995026430
1206064286
270508122
888492797
1406063971
41938853
1174188644
1662237094
363451997
1587201822
905195090
1245820440
2113246761
1195498040
674917925
773637568
222939961
1951902226
1109554559
1057022567
257821267
53953336
646764182
1980328251
1077354969
1742300349
466793540
1653942392
1985980195
138854129
2134741818
810900915
1207482376
846013375
422956117
962727619
1761481340
833692326
886870537
1422575436
275301459
1265838674
1189321465
2118214889
1913509156
1205266902
960734121
2003647478
944401480
806177672
890509643
298811127
1894061314
1489830778
207183797
1703309992
1680073401
69946256
1346651252
2085329057
2115065696
2034632515
2083803386
1499568806
73797110
1405757681
200789490
560554121
497765161
1827984094
1734306229
1558338236
1208661526
551243211
1802015700
1947249527
1107401515
355307313
1495318485
1808038018
284310318
602450202
1024778492
1520979872
1601423446
942284189
314806590
1391536024
1063900055
1932177396
725448027
187246561
880151547
989261115
335974404
720830697
241390124
627394247
344217143
1893089026
1859600910
1135425569
2012182188
542220777
34043017
2072023710
1962763879
739713781
25287524
1765779612
40166510
80606169
376158541
628273755
18990741
1871798293
1276172277
431908469
101679477
1643649791
1817493080
1420779515
1899429243
1681794154
665962778
932678702
1495493404
1965034992
638461709
2146597335
1557850150
1490619106
49077199
435749956
1657989170
572642504
2122386065
31093727
1803907638
1336217238
1879829234
471387756
1649108279
46035054
1624369673
359117022
133240347
2401804
1744411010
986229975
1799207068
1156737491
1726951135
555074491
830154073
419563121
93418720
1733966192
856862471
190253361
697905406
1122212020
2007816388
2030341853
595205904
846750490
755818380
2000368973
881640721
624920226
557721796
881875856
281182457
1094406900
448317428
1824586422
1033458375
1315719225
2030267794
265093433
2124088480
576436630
556544249
2112666374
1837855505
1502862662
945211257
472936491
1537464177
285901907
582343303
976421918
502601314
1516065777
128864021
1657470887
124335222
2123496055
264138749
1689390955
1727804141
293239291
321916310
1934729495
583448221
1535459976
414958697
1273227557
880343787
306345470
976534782
1384332110
1074442997
216223623
641160911
708198284
1506581202
118376626
1841975390
421932491
1473420017
1093809709
990453346
395631147
1073315742
1672230435
1667712029
528153588
767125155
1966598704
1745329865
680769815
1369842955
182392573
1444918832
1335959645
974194433
1737843581
1066288219
1619385391
886270936
897487299
701318754
738920448
1006624804
2116627325
1113262178
409842267
841971717
1198341137
1622851213
1035875716
1232817028
935219794
241458524
1834234062
1577981717
809083871
1971618527
2025622649
146285116
808242200
728261428
758354501
791653965
2061451454
1342097942
865322135
952782667
2091922982
672555917
306363975
731885810
1237077274
890412483
296748292
1296853457
970589261
1439929847
1762547813
873701006
695306104
1050845835
917415820
587749197
203691541
1346120759
2121037689
978553132
1728109495
430483552
1133388777
968488421
264811524
547464835
1727530216
1465197463
1797256273
2111636171
2100830970
1764019870
1143272664
887582659
1516291042
1104304030
106148760
190359846
243448333
903204767
1653246665
205439441
2038235294
373580882
386503931
2009276121
509988375
1007292018
1208350922
1801638329
1722410912
894207046
75757120
901587876
1841405687
492016195
624832455
487998457
480740597
900930510
789465289
106507221
1588820665
2008360478
120755174
985852098
1757244275
54947648
797846225
764584076
706058447
722350900
2134665672
876396596
1502938107
1140973877
237398190
1339353086
510074199
332374806
945335238
1288259237
1423344825
17217736
2034296334
1338193327
234439769
1746061816
593446710
111937755
1513459808
1494183893
2079616827
1485972150
283030792
239818991
325894565
2107211852
1127906671
774277435
1012626009
442764796
1908014334
317544499
660817435
2073114469
196429168
1351216922
1745920164
456737916
52966274
1417685341
889723484
583022016
1600592950
482597141
648443829
1613033860
908379331
330797482
367164452
1512879211
1309650716
1528969873
797881020
395826931
409167131
1330367541
899737192
1108089384
531303498
1792391412
2055644100
1454493048
1681730638
829006912
359251609
1338261415
1330459121
1663117798
1866298611
1756040409
40753354
1454610283
521955809
1354300364
866665867
1495439762
2055819721
545668137
1216232167
1559035899
522701413
1982265327
1357542174
1625217253
86014046
308038159
1566099494
1904756500
188425347
862768151
943748215
744002510
1902850726
313724166
2446964
108076799
1605790739
591618878
904511601
1536946044
61061038
1466936215
1948843877
1703658852
1432287656
1468442511
1600873005
617066659
1763243229
387304608
252128122
293752208
2088609742
1783592618
1477343321
1933371830
2030649142
136613776
1432405341
1016656560
1781225547
1581243871
1517771883
2034118958
1126821010
729959592
879662370
476213780
405856607
1459789422
1120039397
1869045697
227595496
1510481211
1037288326
55405933
1602183941
1914632653
1966316944
1636226731
89439111
509488110
1434813745
1864619278
283509810
190957025
304440514
1887522280
450469976
2038025464
4517365
632642093
524949523
2134690115
1887745178
1560881783
1281227038
1227775586
1942481934
117827875
306621264
144531324
1422283072
2131909784
2130563767
627175496
810445665
1853434792
263747917
651912520
1256385832
34326030
2013321817
697742614
1174446271
1385435927
911952229
193031383
1854335053
1443309662
233328344
1167735244
1997765921
1292724912
1128117295
1724856839
1162000248
1108908814
1112660444
1498113594
709904619
1392931280
259018939
83330731
455668600
1683392998
593776941
210257219
406611754
660897338
1526024659
221908678
317132904
805518129
354115561
91526430
1203650776
2003084881
362109756
1461380304
1325776110
579395069
2020022217
1416241040
1304188949
463631195
1709127412
823660015
1117645176
1947279446
263481954
637786674
1439925101
636132287
305549939
526280255
1416591230
2023837070
2115209823
148164273
1088508182
911394119
662051820
136236298
266768581
985920632
1339110601
1434176264
549425712
137318238
1146001291
1984207120
607954584
283710888
553116225
216324551
120458757
1101014355
1344234677
309220544
1786910990
180738484
802021442
1235845711
8871240
1317902484
397814605
757711484
402490953
337432437
1996837473
782291219
696118616
1913537267
1375039723
882125017
586006962
242725446
1291000718
231745497
431893371
1062138084
1778964004
849340124
878408512
1803270211
2059513683
1477301750
1542641701
1429574588
476822471
2019577917
1246191280
2107730059
1211419409
1053194389
1581810224
102251507
2007453724
1708970407
1780634315
1161361791
372447047
1316365040
757934627
117513058
692913188
1292655861
1947975845
1942238976
1407889613
696667797
1688800622
1478004614
726821086
1102716279
1282669273
936308915
1610979858
1885442977
323852713
1374565306
1704162429
1060402218
681516240
529461312
1090720867
1286482184
1280804826
561642368
719335348
1741110275
1520802297
11827086
225108261
46148811
1564549037
2127451321
547015404
1092769316
1976530192
1475626761
1580165912
1567929407
94479035
278155751
462101386
871202341
474423128
2062822364
993253268
1036428364
785833926
948624498
1277985068
1005217356
771817442
1130567223
462094284
277762475
1939205624
1935797983
945500906
556145620
1842651846
170243977
1352946191
1778182439
1310724137
141219610
2011559063
1104851754
39096423
1570810054
87792388
126132188
2121842712
2075558061
1965634558
1740782634
2089929905
1447631009
1585493739
2113842043
681173422
257607430
309890599
1522269798
1201143388
1220870611
1200368352
1660945027
1296244288
515362741
146521233
1573191007
269434407
1426319698
2094376473
1299047561
379676620
1085697194
457435767
40158409
1410371103
1977164954
251751205
444803697
2091623480
1679328891
1484681741
1104116939
1608120536
1019258855
1241096492
2039963313
61964439
51678875
248119746
303973948
78600368
1368874104
921210163
1511562644
1245277285
429193636
1616062846
958324455
1406453520
506461901
1296610135
1950956917
1105902792
999604622
2021478370
1834716615
405779372
1103987946
1491066894
1181892351
1239480271
2133979125
1358761868
1763465035
767271872
11275409
538581355
89884020
1868908468
1747923030
879295570
1782741395
782211410
1608601995
1876523097
670750434
1554716187
549284433
1067831428
889139376
978395765
2113776608
1601169884
1667933294
1942802258
226911208
187892268
243712743
1540493441
2096535065
1628952661
492411533
1055247761
823225278
1627177038
1208014062
1219876702
2047064964
148946108
272890182
1019636793
1555762009
1928878122
1494681133
1530631352
473402992
1571067877
367506545
610222871
1536737632
1785725559
883086590
1181335369
851207788
87774142
1233411066
2141227423
365020126
1602427048
1897646829
330858004
801056396
784403597
1956105246
2032837170
546687612
1409266216
294056185
2121770917
87059364
1130644019
2112398763
1724697947
1253761226
744139167
852003792
968714580
77939338
533786989
1540329028
2104427787
1890271350
1428884012
475602966
441095809
1673553495
1710069007
1473263771
832831458
1221342098
1261298858
847167134
2121375702
1789724326
1480527689
1119040693
314596455
1546059474
393710829
189503663
581776010
441718227
635992804
225544233
1827927116
184341451
18300676
1858264128
1513324442
1142234942
400286851
342036064
830625709
1250872117
957492342
1436866619
1601383184
485205381
762375140
1195417814
181891151
999483178
490402183
159606973
554099518
1242171596
1748389150
967509847
483740899
1324293476
1510634097
1541385044
340566017
1024652536
1282626019
218607682
1079514178
1752394114
859775149
20052799
795707904
1916426223
1970154173
228864201
193798319
1298917187
245868586
2010985905
960727531
1119281113
170668114
1244761391
794444570
788788424
69076114
36587022
506036158
34406754
1627458721
1573406984
481439322
1184062678
827850377
497613356
1835213309
81561077
903990339
432422779
55773807
1141803281
1607602415
151199379
191464695
2079957505
17881005
905397123
235679687
1022540866
783922715
1431233213
34163206
1052414776
962057323
714704937
1195903608
1546081426
1784421663
771065174
668956363
864208587
514092644
1492046027
1261905280
1231885772
104744713
1984120956
492958835
2108983214
259852570
741042520
1536777737
420772766
1319341085
308653567
1447081718
1951544538
1700944104
1706288785
197279400
315888599
1508346141
752679842
311200852
616038277
1641210948
1421520457
303399579
1085792426
162559107
142739288
1269863384
1224159595
1464167676
1248741286
1457045769
2101527274
127851459
1918978951
770399575
561773320
1863270778
822702941
383205443
570092619
415221900
768361288
1066709103
231131611
919303682
1161169912
1660219655
96098727
1722174981
1075973796
1411185610
270673573
2105017841
240365075
1819120057
742151478
1957789201
1357930200
1498639450
475929511
2048777469
1397958811
1746729385
1585512660
1671677581
1714268817
1914678428
700064487
997771385
1861727501
1640860754
1572857918
1699788431
460171824
712788951
2085002347
2041860239
258930621
455726230
12753748
1439050662
236002311
1562299740
2049363067
284326277
441501707
143542276
1302351961
1458956062
395432090
601513925
624714211
754019579
523747503
681062932
133402158
126126907
304873183
1617574967
2045084718
63245097
2017695726
1374603112
901963418
2097348730
1262870653
334540194
2140563948
1731814435
1895186401
627269899
1265993860
225919701
1914082832
1477951485
1211594476
1913854230
150785717
421912498
21844534
733583101
1076712291
1566611340
1867571842
671262090
697642725
208287487
1258179484
634070943
1285149620
1456369692
1647109570
79663263
1768003458
24912058
69050498
1944783522
1905726963
867845187
1446605250
811632210
1134218347
2128476184
574649050
2060365413
1740202242
1966873762
1393716699
1554340023
1957832340
783269110
532921587
721596163
952143862
1295451940
431848936
814213438
2140431427
507199261
1482046402
1125716880
1867490900
162838078
2059423878
487127535
870203725
2116186493
981295388
703198042
1877650516
400410671
1490711890
2144200368
1718867805
1984750963
2137935353
1506509610
851170081
645641791
642497325
365184635
1795933741
122777093
213111987
759597699
616620311
546401281
514856571
1906341034
1046422475
230222626
960136004
158089439
1243735555
1563920018
1469714270
1873543725
902771925
1243036900
1769715083
1636995831
1385314150
2055814105
2117384191
2046365392
1920068796
1402429135
1419816839
1675350009
733787314
1712253383
945171142
1571785336
1117140484
288860945
1184284569
1166982865
1021072266
364072342
596349084
1942576740
233898626
1083393474
1496148166
568597346
1505883142
1760584460
1422372656
1966243437
1573135260
800436259
1752667379
764312524
581467372
310438838
125632302
2078401096
191883916
571835360
1959317287
618765734
1901608952
1199808047
1527532169
1881171648
486576285
1601394256
919045579
1377704770
591046164
1100807512
294703793
1926403838
1483237228
637125553
1613583596
1426491629
52372384
1715787679
993197789
993680835
456642855
664511086
1575901304
1954740781
1284666539
504131130
357208643
1480957610
230949073
1565351515
1856013948
918023939
1036591415
323634283
616131162
1394521960
1439531644
1364622324
35393900
1133881641
1816021368
809014971
923256094
1381230862
2111277964
211305379
493736539
830794067
323467797
1228110400
2112556876
311077187
1535185658
289838329
1750383421
1266029679
1526745189
1751360473
1694513825
1398004619
1481683343
1076879858
396579116
590856422
554268339
750966638
295869470
878047877
495208996
743526963
436088480
1520020443
465920122
520552242
820531782
1889663270
1150646760
991170125
1116769717
2038503016
1137307305
1134619363
1340945246
1806205952
1396953241
2117120761
661641832
1723042533
1181635552
161199878
1991590828
484674176
1930809545
1993731163
126307546
750586403
1601425585
46783533
504345529
350890025
23181338
1750022464
1308920715
469147818
1458225119
307029554
1560503950
407061979
1175392130
185128546
794711455
374498305
60091041
1931793275
1382940666
569125648
1415709576
1332597153
1714304284
1630656484
421930207
554966070
1537112777
153614107
1380025476
1925006665
1144404266
1026276237
887370100
1254449563
416565006
63767145
529084130
1855175504
504084561
994459373
172420714
79676719
346812506
1340417985
404224863
1183168662
234887869
1389010929
1146734912
2035738621
463621122
1964373381
1886173002
1707634724
620801149
444018623
666860327
1248039388
1828138844
1206241009
1975600324
562404975
1581676479
997507064
1012469056
1177682094
1851305473
647152985
1203086080
186092693
214902550
1007974390
1152459999
1907548060
1876942861
1221644652
1924906627
134888349
2142760884
469438988
208443339
1050404444
1443377242
1902335093
664078692
610187192
1152615343
1795064011
505497723
214245485
728380104
1512569238
626187148
1177392004
1039404095
127597625
1007962713
1387256920
740491896
1355239180
1214946039
1348832069
855780350
159676185
109071874
2042905326
1357981707
736120688
311340017
1560498219
437913894
142179367
220550532
527603342
942671847
103011058
1679632730
96435088
298278870
1864135515
553824415
84220509
117102706
108325022
152397026
886024761
1620679757
1563971363
373047556
76521869
2095063124
1774393240
681914188
771211154
1391000877
1148559786
1162610328
1644807833
2024717497
83069025
394193071
1791512820
1959116217
1713707542
2109797297
1145096837
352677772
181278225
38361263
59193569
1883916310
677669315
1139542359
166599711
1332606397
193152924
1587171016
819941955
1185509261
1552060810
503102340
199198530
1559012731
1627402512
235735683
2031377330
745648839
136877822
1680711012
767429648
1661834362
216349907
539323327
1444414125
127829519
241934763
2059556245
1671454261
1150830126
1922358502
617671401
276633309
1748018579
898465880
330816104
188091433
221438478
1366238246
175528259
770041175
1378250659
2043713091
287831582
603475563
1197339089
1894729607
262498592
673889240
1372407536
1701064809
1619071787
309165768
743548851
301991769
1637285413
756388872
428145870
1091453629
701714549
791426963
627420337
1853620357
365905290
1697638074
1378763633
1624739181
1972624789
1793792748
46954184
1500440015
1179817559
851420968
1436362803
329198114
1985453844
1300906492
462104377
1884070163
889067943
11560504
1015584204
1411023166
1931877039
111367220
1052176584
1056136329
2075474663
331718075
2140135064
1164355357
1646635924
718096019
1981875704
1038971906
1949622295
1595089834
1695502037
1156587862
444726946
291554015
381292368
738741802
729639431
525911401
329041633
1863717881
529389228
321533672
2065050008
1911889350
1642364059
2004749062
1663393151
1536022225
1715542198
722897866
144337948
4754165
1241485064
1930109561
1824852499
304870049
424943670
780633385
1207760615
1842234481
1840792596
840692451
1670469345
1213695592
1197038419
2073872500
1709213961
96827596
1509657177
350902224
1857035089
1527583903
290860841
408849444
1618255570
1933260725
1855227009
61637751
255016493
821409911
1601971203
1314320124
2065897492
1213709106
1894005131
1780780790
307396577
1001898780
1422088607
1388771144
1232365155
1175689445
1162284292
752755608
716983482
793100534
826753901
71580191
1047741272
40491850
2082013007
1085759505
165058343
965797605
241609936
858532515
771288777
1488716532
745125341
603051709
870889979
212068227
1590166874
1257902398
292222227
1908207573
1737575285
1118353894
1346855592
1758146659
1602417940
120367845
697531728
634892916
1710680172
1328099069
1622901636
68128597
785397939
654864470
1130176416
111625526
1719280365
1229572574
427642375
803749793
130074083
1344505178
1968915300
2041851287
386934579
1451110414
87831819
1974034249
832386944
4739077
539493757
5047664
1044752329
654566398
919402250
231984201
78545368
333166579
1405134481
233761841
1115067857
1931819079
70692963
369846744
2102456042
2123632011
2015985990
676519973
346857785
506424045
620230037
1025035686
827482792
1626183997
935495813
2044002226
1916109062
1129900189
259847554
1140544798
448587576
627692229
768953784
9089688
1629619085
1534375920
400532397
783327907
240025903
1162231911
1141214987
435993391
1090447028
1223691432
472574588
1324778196
1526680532
1022885427
1970097582
1427779499
1110997046
1781990128
2021254518
1995192777
2065096035
358149440
1582132240
832133977
330956252
1497203358
258745220
421017685
1852961606
924027634
324785189
1167820769
393864643
965298802
1770516788
1727478084
1220109917
41578549
869803425
671657603
1942208156
1689920342
1212394225
517588636
896231223
1587050689
95415355
2008551772
1613821927
1747794845
126818124
762652381
783811158
518427222
723213802
1696251040
442591799
486058565
1255524662
254587459
1666313327
1068774399
624664874
1170010079
2141497200
773593655
949193282
2025361408
1249154727
233798993
1600363320
1855156034
1575293707
526622084
1907608807
1047452548
746621654
1469709738
1792296529
1537850572
658883153
1511631015
1386172
890515895
1907298247
1054286708
1658163191
157694363
1359226011
1799697863
698995386
1589159483
1467880822
975262561
624213803
1429810981
1196323736
2043744243
1808677757
566632620
1083533648
819111854
592536243
1093386366
81783687
161039974
1552846211
134554081
705049206
2077120353
201443157
258196366
106154872
1660667842
1303662954
385675562
1810216441
1589101965
1857549850
1481736797
2118131086
1831413078
1335168566
984887697
1248092959
1321482379
1013987980
2145150025
1615415103
1947369050
398128008
2004279067
2141333404
282343744
856830199
1132691276
243229074
829526832
1503693799
652653574
1302399962
1629592156
1275944107
84349240
762730847
50856098
1306031867
1748694538
1389827889
1936664470
924468791
1926226172
1621743506
2127733544
1981426636
590654362
1258322990
726072562
1042882991
1089046494
1910370664
277750305
583844615
149698850
418581712
1886684669
665255143
1258595008
726507696
2055840534
1489553721
1564304968
1834219206
2089231629
1214412214
831908701
1972896779
1986307324
1948915985
121031468
422627250
1791656579
1987639348
1372010890
394094380
1224016752
1193983393
1855038889
446478696
885097482
1926595835
1502571639
1184699161
1731338746
2048908446
131536532
882066991
433122263
652869480
786840557
226813543
1218592588
466725019
544720634
1786840318
963026920
1080820699
1789456784
1686353281
912715906
528964433
2142958947
49532352
1670027591
1157514738
1164249628
936342240
1285932130
2017474522
1225386771
1142105488
1416002374
735016658
98418346
1991253844
2125074075
380802289
935123269
1872884477
871420611
1666691934
1187083753
746619449
1019009799
1237970739
1278090864
459962950
1267268963
1702722173
1118051686
225814978
1565526250
1602028384
1433990020
1578475935
1878046935
478882647
1123248839
1312699186
565808690
1710551194
1793622315
1737391466
514873884
1602096024
1345979657
246045469
425452215
320758435
1673288970
2134058110
1116908724
878171564
1470535111
346936747
1152947066
584959011
730296063
154389603
2072345072
1396428544
594264692
237792981
747240935
1782544608
1963867746
530656659
583776295
356542023
1093537181
220361382
664875796
1880956932
1160357702
2060136379
353264125
234772914
1129619497
1926880634
1155859202
298901082
450033590
1471208951
276362655
117859638
800193178
66933825
1030696921
347058321
421426426
1113760536
766417923
1887860938
1738116684
1752818877
1969539373
52675959
193546449
626511329
654637098
445085349
1662467763
1732283839
1757851453
1449123902
1688196791
1037589829
1108450912
776763780
983419550
1058574189
1813462576
868532921
1923184926
414979243
1144468344
1736221409
807476600
315851647
1733435736
1865523103
1969661622
31447082
1669280785
2027974972
842107011
2018786685
609439344
295212231
74350502
1540509900
565011413
1486593622
827122717
1459188482
1886005472
1431317866
1268302546
609802446
1880745143
1676445041
289052924
1662856188
729140469
1606085732
280046357
2106437598
1602156082
1654264209
99062131
695859944
1837597483
2046680691
865154182
1786279772
2005359758
1851339709
1154945709
1181154586
782785381
681522294
1849510325
153220761
512389148
580051261
568163822
301703923
1392439344
1141237166
33708268
1933846298
981652598
1024694749
1870264791
994852904
674386438
435378687
976802159
299337941
1760352194
5076521
1355023265
34628610
1065818758
707796016
1022494910
383696498
1406761454
871742895
344057950
1998846360
584296382
1053070374
91555792
2079420810
1193483250
283575615
782050876
1769222165
688422755
1916193069
470794328
1395097323
961599251
961598765
1992930755
1711876856
698997269
744893486
711043585
1797614291
5602332
375248781
2027240212
1996323407
2100778654
952003065
1793378227
1043012912
1660369572
278498934
1555242794
374627066
455005489
1452950909
639243469
1596319205
609022028
410948160
972722458
381665006
1014463148
114260490
2002672234
384223495
123609088
1488345029
204173140
361176431
895605720
1602004374
1863085215
649990940
496144691
867401379
1924077793
1574964052
898257062
1498561268
1462882232
752694618
2067699493
1517266807
1898587812
2133433158
1391095665
1471118365
1673184640
1912596974
708378654
1513476643
39062683
882607616
679915584
520911979
1855636087
1996333106
1661447346
1937916936
19505949
505027216
1837447170
55192281
202787611
1812214004
969920252
1679881804
837785628
788526740
932891601
1369531460
1123236130
1381817013
81187300
181636117
236570722
550405758
510323762
1477053868
133458108
1690076647
1325459547
1793577164
1674346709
618024400
739776593
1846752883
1134939603
20992302
693781660
440909403
1531750324
17299296
1910585671
155533980
622719307
861365664
592967531
212601710
173264345
960441748
910767445
826744077
1408882244
586879748
438138711
2059026869
1725769718
1601714855
82160424
371159501
930629461
431371286
1806946296
1408719904
681603034
578908386
1855051029
487256134
3771344
2099043009
1807710515
1050144033
2047847851
869882595
56792155
1853920643
1841857795
292897891
1004656243
542559469
1062005035
579515353
2119738470
1780285042
1756509042
242423308
1653825007
127619003
858571510
1375152068
1030616583
1666040355
2106631200
184934590
669214697
207094786
670758335
1084349369
2000368318
733336584
219039172
73133486
1613407723
1680537791
1532346264
1680522780
705849331
912518706
545695254
1197101697
1633501705
1835568044
34943784
1959501541
2131483190
152306585
1116313345
1256934799
1749657123
1624883082
2060677364
466096091
1310851204
1054128724
2116402160
346286628
800123681
706157143
1934280857
358681819
387557250
294251996
1065320195
274853049
1808134199
445189016
1046397453
2013096977
496188609
904214862
1004105304
1453524798
1094720033
1127668368
507842275
2002261564
1698841082
1334675877
1188233540
880170323
667859557
1034755206
1608737669
598017774
233302097
1632548867
239256985
1661542538
1952063125
207926019
1377253498
1371411658
88986516
1598696424
498136288
1005579431
136267660
2134069777
1698460575
176718276
807273851
1866564985
1175941534
1517079519
1448298670
812551804
350746991
350507876
152367335
1832144826
371993744
18086684
446385962
998929428
661333565
1721135874
1219147044
2024389332
1931145712
1179633206
927355193
1042064361
1280651127
96376331
1844478249
555703887
422813359
2036642875
1121281373
139262605
885484770
629796410
2080317140
1043727192
1471266235
1689713575
1358938533
433897045
1712425442
234070495
1844684336
441808636
979537208
154287788
2080334565
621630872
1084923568
662965275
1175935152
1419797611
126774216
701796203
529751040
1355777262
54276515
1361036577
862954611
1093744437
2796997
2105392185
398773536
1472476529
1930698858
1998025335
328421248
347669904
737729155
541320155
706446073
1773650687
1223848270
935943986
356633353
1387889295
718819729
1689145801
143605259
1633735285
180882546
994434109
1926868649
1135802475
137320438
1884791406
438477279
1884008437
412835092
1082615954
577461159
717179582
1693486453
513290085
1706347591
1459303713
1684527819
1139777918
1942276147
137560259
2019674571
1996080061
540447904
392705885
309164744
131726049
1668510374
1895651223
1734959598
475371574
2014343952
1277722128
419760407
825573227
1817803972
1621122170
1170658637
1956484994
1143345097
1856389347
1689151965
389339360
1477635834
1840910094
1010557716
1752296068
1032092230
1525755391
112050841
1447747668
2030576545
1865911190
1246431078
2093206675
1600653451
1204942931
170691429
733738608
1470782011
1785412920
1775263907
803645367
1910955624
904490444
896763955
406709162
787968691
274667579
2119826594
1854961899
539827380
147068315
980593170
1160904848
453103775
584834121
1908706805
610958425
1272428691
283858546
728488040
690775549
383346303
1337876142
725715241
1592992160
328923825
1176315078
1849008695
1838736738
1439885564
1800658070
764127749
814893073
1006741126
1291008270
1646974810
544131326
650783276
1888900434
481222856
2095104749
1437714834
593677825
2054949318
1241799718
1721539786
1346497683
862496620
373564840
491008671
1939728092
808974027
271793021
297336704
1574720685
1271250663
404740137
626757892
352263578
1694488659
622751036
1128345630
333922517
239228007
805073671
1682455518
784922937
419208735
1493909867
1658529505
1989599075
508661395
321283021
992321879
1084345339
877268751
1138620965
1760434607
243620881
852591310
761583926
2097044961
148183457
363647576
468401112
2074658647
1258056249
1955631733
680130417
1629748089
1485014450
503865548
1961837954
902687444
361617177
1017720861
1136481373
612849894
1644841394
162127384
1260122357
719574664
2127832082
1612254424
209828814
1786689784
1846227819
370989567
1800305427
855914370
777267429
496545134
1788296134
772176331
664677159
887028129
2057180177
858325178
630767092
2119722918
318404796
1227453444
1481982450
1625786552
345257912
1970503250
1891724935
166184828
1566722520
1088291344
2027702236
379056855
813682079
931827924
215823107
288119914
582786356
541372265
1797057077
1800021163
997462386
1540165752
512373556
200076961
978035740
1054183378
116414927
1397871932
363086638
615864412
158568580
269884494
1579435854
1370046104
1518827839
1256568618
1726816097
275446220
325466177
1232953048
921625402
548046289
466785052
1342542321
125640558
1293916025
2077605338
210204701
166415427
622701982
1213306942
1762804519
111968711
1433659587
1388985634
632768442
56171260
931820394
1423304191
1433184187
724965937
247588082
1615873163
1674184770
1518682220
1203087657
383685757
2064674101
488761859
1103697526
396609388
161870979
333308490
1643609244
1029197013
767544059
1121091686
2027558444
1601116220
1493193926
1888321344
31155850
1051305833
167060359
935731861
893267609
1788275411
1044378638
708729643
1654047238
370479643
1332710835
616348702
137897774
1932287663
1371602261
1824994137
579013549
43597455
1825523183
638818080
1788557188
1665012012
1648312531
379730633
661178598
899225708
1196885895
1447550091
815080095
1432434635
265019705
607084142
1040717602
2142520219
931614175
2142297186
770210349
1491845740
643000559
1222824300
1877730075
240722566
887651768
1772297723
158599622
200836499
1650018140
480305497
2134165526
884565082
1090057834
709703741
1568959019
1735290022
439203356
1789399677
1621661475
116005701
1255410474
1606382048
353156232
123974700
1770194504
445285393
1760790105
1041783480
46588995
800008624
2088996275
1280715791
1961317812
1524079747
849872924
1893424549
1722304606
1856440010
935387500
1741783514
642231338
674692528
120212057
583873729
896028092
1416949981
1020945821
1094488828
1665237169
47563048
1297374662
179502275
1911354232
751226986
379243930
497469187
833070794
522648686
759170340
782081187
720413383
464644
131159391
395211233
104833966
504925493
960703614
428608475
1597478969
1101664144
861301974
968441386
358378387
1543318947
13371497
1983389865
185677047
641529478
725781264
2052562771
1822131942
747425937
2053758276
1188488778
901396484
1554504237
1014245769
1640778740
1621729168
1702643144
787443319
1102412608
852811646
53691106
1914824550
1519435783
1905489459
1749886533
3937717
247166861
1036775901
1375904593
668325047
2110768934
868761452
1863780469
1255703099
972806901
446017328
433361082
248440247
711921360
194144528
925564025
2050236433
731743039
15444580
1593426733
1315278345
1382072484
476825456
1066553443
1945118533
1434724980
1152158334
93576654
1571849210
741745827
892480151
814324855
2135249717
188935454
1874637789
894238481
1598467012
1561086834
1038179208
607721322
36782531
553736330
1465571707
1339627774
647703238
957071509
991396226
1879782054
381188768
2048655622
545093163
246550893
554738382
1725187253
1598615358
958561923
388636291
543793187
611200474
429894219
595629393
72191962
1495816237
227530383
1358052977
1361951475
947394255
683422163
395570863
1635130290
443051452
1862915527
304601845
618778699
18737900
164035286
854178162
2145973704
832300177
856068827
1050905446
320737026
854401260
699768051
1151924621
1140038092
93905356
1463329901
101436709
336237616
1889725861
278199518
1018867614
640996305
1214566473
1754295634
887356126
81932655
1475882309
250289309
1518928941
987605641
1397595611
1577234639
1867180996
1026538269
1141453975
820687813
1874893549
231559563
1299538064
1333096156
1823881942
1854856856
1441696317
1693028289
1446055416
551625614
28664817
1012140132
144127519
2027520128
1908115444
531282955
512332053
1274127530
543006272
611036035
745960943
1355457271
263709653
707621489
407813363
1410698397
1425378745
147916742
1018371108
1866453988
122233232
701616976
570851949
1239668996
398687699
28330606
1236450150
2070029099
1386277808
1556375004
859260357
479061917
1988047998
1896374956
1408165476
35627254
937776347
1908498518
1215767018
1372231819
926222181
2037550566
1911383833
293495791
1177026833
1398847571
1147687860
2024503441
872306987
1127689200
466624011
1987188610
706819818
876346108
1998572836
932508501
500465327
1091623764
1221167496
670896672
138664154
576646472
1343418535
1135775134
2019757129
287235466
1734538472
444986230
1197426287
1704195138
1162441809
576726935
408849164
1168622399
169955280
1248512698
144975246
1832731977
892366116
1260472073
964990468
1416454290
1723182443
1157285086
1870730171
395042378
1997242952
450849188
1628069751
577964370
2122738608
1394565850
1433157455
621102600
1889618002
122183478
887004710
490149185
1946026657
689846246
323938498
946410581
1583334527
591768561
935584394
293645395
816610183
586952636
736611296
1411859029
97916919
1269166761
1978160153
1929566959
350785593
489381082
1478062357
1538802369
1224758028
1026647827
490722944
255192620
1916629587
1699499710
1069115044
944235041
58880122
1669482503
1082496744
820516885
244464257
250343463
118841832
1564733201
1099921575
1645896127
459931954
153508837
1587019699
742845786
1258506395
176138876
987352289
793679893
437394749
1161740875
179017320
54239835
720445966
1321009124
176790180
314669256
632116253
280810919
704116709
1387499823
436858987
1988920727
1607890644
2001065399
1267113315
1566664266
1816547708
485318688
1579446775
1083524346
1501634812
1109550883
999691353
708220602
730381256
791699448
1691404883
1635076802
1762291351
1204778481
1463285060
637612011
315398637
1200790084
1819939768
378273590
2032426565
6786534
407765666
1886403974
820093146
1167746962
1764808760
1075791470
628773650
1277442024
2091930219
1754001957
1772258952
1118080435
173241090
946628758
411924404
1784659011
1500676946
1711592340
1231837497
1125639673
1474910620
1582678571
520243660
1001712865
86137347
1847865106
1123122876
1771015033
69618984
259931196
777800993
32896912
667207268
1816057229
1479891877
826577226
1193964449
381914282
2143610602
248725568
855003350
816521193
471704215
891306180
1756649757
1630027368
1981440258
875250498
204730226
2019244857
1520847739
1828708290
2098845962
475955643
1361319219
1327267721
1324434253
39632132
174404296
315817695
1350365042
927253626
778616942
1897031916
1002519990
1067351937
1923768507
224219068
80835129
365236814
180616719
2015781474
1836461429
1954399706
774502557
1317339960
82358875
648559859
1584917275
1515044932
1153315852
851159148
1656541186
121024438
542639409
1796066421
135786882
2095960717
643900151
1704708357
728018438
1795669850
1773090218
1683601267
155827039
747566877
669303021
1091391269
1247883919
2044749387
1242815891
1183376223
452546101
646427633
435975966
1071590461
1170367888
1712726258
720807634
972909756
1430081073
681105772
130639476
2082514930
293989954
830454329
406287524
1760802654
298346860
546548882
1032840404
267334746
1592521322
69982669
1387099364
166807213
1315236648
1615010119
958882396
1410501181
290495895
193141340
1957173573
295591393
664237840
670100627
168408740
1021840725
897011810
1623107543
127793300
865822790
170257530
1811945184
512153087
1161721998
685012910
163341745
1004443641
1526933882
1960800678
1882519098
1195503289
1239601734
1661144039
525966621
1488722996
1214952874
312649469
761571469
1505554007
1874831501
204650565
10302291
1967252193
206582232
390005332
1952736747
1314352860
697275750
939239943
974809035
388826038
571038743
544100904
1664213699
2110131200
826542852
1017448378
1830099583
2004597186
6478796
1724082402
124631594
1034363000
1281452045
864751730
168860205
1636349102
172055023
1225453586
1935728661
192539443
2041664474
938599181
512883347
1799836157
1656054087
792421302
417733532
954014873
835478196
1982983541
1174336177
584433228
1158874801
1756444017
1873840441
597281740
857473560
231408603
27411210
1060765332
582900058
68425685
1116218630
1872745448
1695919347
764092414
1409197026
1740562789
1836948223
769814940
2033540354
2025363780
898656231
697682020
2008628096
1057347627
507658292
1698691304
1391766348
1163212463
1849001348
398008222
1787075693
209893483
897169561
1296332424
1198209126
729617078
1596830351
1058904965
1217743795
548824323
588709670
195539252
708150643
344055002
1598769725
1560110209
491310879
1713201007
967176800
71794893
927538808
1539175132
152236664
1756388542
1506296703
2053587200
148468897
1403324832
1552045214
675425779
1193508889
502910838
311392996
690756645
958747731
823533474
1725366382
1492654098
832447275
623167532
2028053217
854902179
1125448757
1544016306
801590291
643664165
1901058862
891032045
1028944585
1896547806
573565844
1716460763
29722011
2090773585
1417491281
72015502
616227316
539406864
1818031763
270845841
678295862
1148415289
2085701303
1236473330
416835066
1772924302
64310883
17392881
59233141
1489325365
152112307
1883655491
1650833654
617927432
1792561546
1936621571
2045250443
1120051354
1850993931
1932420662
34613188
1051444680
359736352
1738665721
1399805327
94647287
530750519
575854154
1245472834
1099279087
1858015245
622349935
1333533880
1191860563
285032354
1258788358
1802893202
303483580
609332556
936617130
1061782943
2021023090
367647208
1903343679
429129814
705108422
726258219
843263195
30701696
1376085263
2093743894
1809164625
1203554546
1567992383
1477462920
1251560027
2030023544
1848750625
1533464813
1233589859
898673102
310445361
1251171605
1832166382
1842341064
704598295
1552565023
2081062054
669354897
1065970626
1578895764
341403394
1538837776
345583134
2114758544
961699988
731639142
109183089
1022108442
538424047
1091856788
889426519
290554517
47852850
691434298
1497749592
754328400
131869750
1560094330
1009322275
2008983352
635747152
1543306235
1015411818
606063533
298301379
820254985
1562815833
2141231985
1707901125
1871986650
2089099955
799051197
1116429868
777798124
2103238284
1964983406
1374840757
454227593
2021050269
992787292
1931826929
800315244
963206727
1845746379
225988045
146638206
250973991
1237221115
1752972220
873764793
1540347218
238102234
127150979
900806190
799475245
988650458
1802855328
1443111713
1437974764
2110719197
1340662616
887616594
599858085
1155987019
918775388
356343383
297191440
155857222
1391573271
1696437284
1086753245
1546970101
441042839
1392237741
343308466
1718181117
1596813589
826253474
1852778432
1470710798
1922222626
1240617561
1312058625
1624803737
1549145969
1597026762
844177936
937058207
91515707
1497697971
1145559204
1001106853
445804370
1086868188
1367350442
381915588
2074183110
738295413
1359445503
1685692637
271452718
1326989467
167197639
1698346985
159653268
481015289
608373613
667963502
1090848511
1344317323
1799558455
1091267085
1750979229
781910910
1846730884
1843608376
1668315533
591088180
1870694821
1470692098
55278663
352225635
828586838
561329679
589330857
816293725
593855960
1988640938
845737118
25354346
591383980
1109293045
586209901
1019246673
1839770605
458368059
150068124
1521598966
931445323
1177546338
325421438
126074653
1539105952
188742268
433912416
71613005
188348976
1469372796
1545311820
758537423
1131796610
840082437
688795256
298050262
1082010069
573812830
1931206990
755773368
113922369
1177908610
98366745
233415770
394641004
1500466517
228356937
1323153835
1485406949
1891493872
1179381347
2003075399
466854688
1300849181
1516076168
1494502971
108543246
2098794718
1223594143
766502888
477118041
1623667752
1852767266
605407488
116065337
1566040749
1176109954
1188891822
1501814518
1733927127
2043416376
412666834
1435636474
489370832
1335763817
692374634
1499042194
2083088830
970516533
174753036
214713153
784372748
1759751325
1245419151
846159297
399034596
1953525262
693042634
511041431
1372641977
1609338510
486563700
1205398353
1038830848
248415106
1841623082
415784031
777097470
1112762137
188717712
2027523980
1625619900
272889433
2006328719
25164055
425334040
805774788
1117994172
473612914
701614070
289478310
1211981016
52185494
1542294419
1746917118
956876404
1266940929
656814586
1004795399
457881773
1840293709
947558287
986290018
51795477
30996846
2055886792
467095265
1527756210
1717144200
1426184956
232959730
1996997152
1709402731
2046832467
133108646
1341892817
235654060
485768926
1485427805
397196149
1036846689
1467356352
1888462352
758236533
1779616888
519701385
1685690427
1773205400
133106100
1158061731
1384953445
83995593
1848805702
1609799909
1118697549
526869232
41687812
860273221
1993132723
2081128188
839029320
363151018
863050432
1970363138
269064296
841158624
60714514
1106805631
414641357
949906597
1217147240
750448825
1585269938
736997088
894175207
1792099652
69983355
1577976561
1123648775
1147482785
25463983
626852387
1478187805
1008354817
296326292
1330922046
471115909
1884782375
1364835430
1683819578
1451601259
1560294251
1484050739
1581485070
1290130486
1196482266
1379744854
1521740709
1528141459
419210619
803297422
35711730
1019570457
1165125293
816234170
1889183514
636975006
142369964
607872051
1519739600
1261739030
106668594
2043937990
1317749183
1256823330
2066757690
2004677196
1256261920
661145917
68290015
670696424
212146027
349763454
1808874595
1415839453
2025907498
446885642
906783052
1560113930
958955752
1226287130
356630697
941532418
395876425
286970277
500926835
1043840972
1990901811
1958345386
1964224014
140650548
160484906
130631196
621318895
1332571084
96679098
1397175145
530412887
1365370242
91976973
337651113
702723133
1790628319
1695733660
915075936
1172735305
1086008538
426688002
2101504240
924104701
115102551
1302790124
603211678
768887022
537592383
254272813
1425861438
603694896
1691807036
819490542
479158398
555789777
1401079569
1751564803
693917133
1104638843
2040935829
2145887320
960950502
2143498813
913361738
1586700170
1180513021
1141811555
2016723102
1823963794
1840919940
781548417
424789693
169663644
299051418
1071524495
1132719633
2116487926
1620354065
186414126
580926039
321377316
1380212762
1911418889
1216880223
1101781520
1492402831
1635709527
1698085216
238325086
739641309
1852036220
1256083445
384650206
1158391436
433251791
616176312
1821815835
1325863021
2049795703
253764730
155344912
1456249951
1846152814
2048954908
833247482
815137469
173654695
20663821
1712502345
537425512
2045196876
1477095776
1792604592
1183777900
1216116256
2094097544
1044109915
2014512209
1518668804
1346589108
966742336
2141127425
20080789
960832193
1136384143
1234514513
1528252658
1901815008
333770819
912852781
201445019
179964870
2080512474
802967653
1487908725
485928585
941006113
238727182
166601706
753629214
174557225
127074710
384783661
1425958252
798260310
253548136
1245261211
610274060
1701771925
1198576440
867011901
797883552
455409837
1906137067
988415082
1847496653
479127983
437091366
1069373065
1729385686
1782424456
1498352242
80946933
900284118
1801808821
1252312073
1058689529
1437504922
118646037
1067243328
1357943802
480537369
844593370
590877328
1927692468
411823760
1853691033
120389186
924249244
1194170174
196900738
1528473271
1405094501
429195449
468541609
447840593
2081201823
1535636204
399970434
697660930
186469241
1398517678
649244524
413316975
256251559
1935884287
1090276196
2028975040
107965279
1289951969
1729150682
1610680327
647887485
547495889
610923168
315162698
1862089414
141917920
1991249151
1490734638
1753377609
522504307
2070757348
1867661378
1702500833
1918697107
1629161528
234054630
1261457368
415048178
1402654797
361896919
1485022886
1106531451
1578698612
461919576
699770583
1133460
469295275
864167421
693039882
958688243
2027424371
433175575
227795221
2060552474
136106432
1097968567
300827462
1006887536
334905866
8045153
1308312517
457611262
157086849
616246095
1689801749
1542287555
1268539485
183455326
1807241913
1155361972
559390291
1517908889
1148856563
654457939
1274655011
1677448545
2064401063
116742122
405833038
998861622
1631347295
1454182500
1267923430
1373394724
2060022632
2094371785
738550909
1740996556
361045017
1432059732
1978999359
1115128078
707588659
1498364211
507176988
1460125008
1948210020
88206299
880583709
1914894702
1158546406
808492293
375579096
1931447614
1854985540
933198408
1745011711
1978520254
136099645
1330582868
698139922
1988632028
948417729
1570171336
1331794229
890119906
2097708824
210511537
1886481180
407662973
1822968098
693196192
64990754
1403968104
1351079097
1440422247
1951080313
1311118778
994358322
398450287
632610940
1006274504
1515840003
200013497
1623913505
579044024
329707646
821115759
133720458
1356894883
159069116
1069608486
1281121722
1153639014
1152804757
915420083
1684678244
1756455686
350647243
1326654119
378017759
378535869
31592518
1975517032
1554479159
1951320229
593111930
319545325
1235702109
166534656
223876324
53186837
1333589118
843941410
314346932
1618425765
548937841
672954363
11796869
1304217309
1311104329
2080703557
567691591
2016741045
1228160778
305047366
1231845950
772834233
1181376889
489303362
2101175075
978150014
871042828
950547329
1852406120
1717350592
1135453441
1026715640
308877465
1974300185
1191175819
1749649815
407639518
1746740832
2048692518
744221487
302500253
171022236
105751564
514235133
504418620
712801700
609119424
1691861207
886041348
1111637332
1318095559
1641751793
64319009
1712179566
348666998
1127453004
606404806
1290255114
181888743
323526589
1772834413
671889339
972286725
1606360726
1510580284
416997184
1524431303
1709889011
1551849859
1626708708
876362106
223025058
1643608674
2092353651
1946857014
1164977072
1396730504
1475664601
52328306
1346243468
508980758
403778136
503682228
333602267
1586316961
1177636453
925041505
597460183
342598230
752745248
113682354
810377572
827530041
1253571695
63804103
406932657
1119463558
1478723766
1230985174
963660423
753239096
1767097652
2109096572
1159910962
736798375
212071933
1705730100
1948668936
54073932
1548317584
1176268517
505598362
175999393
29433876
240181909
634674807
1309247779
713864756
1583633468
428140439
261046137
1820322707
495963059
264773483
701771183
832766190
1527805643
315202687
557382043
1345321421
813793146
152434888
2008038496
604591590
786944817
340417424
1125938960
2145175054
1535757641
2032302075
1630367597
1653733084
1276761755
529771061
769087176
156052188
567946286
765754682
360856843
282001005
1649483531
790266689
406221266
905334584
1426603821
864881350
2003998131
1379852621
231080853
42588722
1461861790
367459292
1087938937
2061614122
393751136
1066391436
1552016540
1367688817
1063073346
609245307
176093881
574023035
1574255310
1492069843
606356505
1063114383
508383409
82907397
1907645252
1326865047
878373820
66682533
999990740
1557531527
757691653
491250402
757391461
1967119976
1338778922
25220000
1230780328
733084672
335806645
1678938676
1792385175
1599093280
1827010715
956149435
2010792387
1919983498
1749766367
759056151
272883656
805043324
1832292180
1025506184
116809443
1026245085
209278079
2014204643
756976538
1806360835
1007394970
110422129
1517255833
725098015
1959470773
1490967910
781909917
1726013254
1138847736
263628795
1381409673
533537308
385462531
2139421227
1082528150
914481695
14373750
1031477768
1807517608
377477517
822891916
385590711
1817339323
1939678963
1693368802
1469472014
1558765692
991920468
494838102
1251027656
1837435636
1292715250
1317660939
996558691
428640607
1996899004
420611720
546008983
1577148187
2111429715
1117703168
1927006322
1753180604
1822332603
818192044
297642772
1272265532
1340599707
1864100180
1782002181
1975199056
1417269552
75887854
1362625070
2101766101
1462098132
855337309
621570427
274961513
1576326183
627234906
383094026
520247575
167773399
87151728
212074768
231605290
403172114
335623713
1930282057
1399927586
1217080965
333795622
1064188185
395853509
2105462287
1181023188
974018116
424482380
1148280839
1500932762
719120711
2080398270
175492390
571933095
1875010641
1119794011
273584147
755195560
781799905
1825462318
1067000714
31915183
1309419517
1029711814
1707731240
3077167
296408332
1916827390
709063381
748779812
34996305
916922871
1851308238
202627408
801347588
881551655
1865967181
338877599
356509454
928468363
188221144
594381228
1988627554
530529784
1884847651
1255174236
567168499
599656335
1036637347
941604008
273047893
1241652047
1951072945
1440772985
1931437044
630741701
1780679766
1583700908
1932713195
1890696670
968564665
1685730613
80462466
1604600797
976676898
940572767
2044599623
1193066855
375728042
1903638321
2075624135
1778269627
1756199298
912325357
725238249
1264890112
751894236
2133743538
800635624
2039223735
789657721
153411649
1847852267
1144643408
1647750864
1695679452
739795779
1003882456
2074194648
1574608970
235179072
113379023
279585138
361394680
819110832
1540301592
1874310006
1104094265
868326133
538620425
2018182233
1417995182
907774146
1395520930
2017991032
238449857
1204816498
2133355483
752210947
223408203
1062019333
521568534
380786569
1030449238
400466871
1082374068
731057947
1350883068
1778647615
636909252
682072864
1688131950
338538657
1198838229
1749127605
12704017
433010352
395623404
714578878
1298097346
105413924
1544501137
1983453326
1464966202
1752732243
1333081604
279974447
1317187469
1148567696
396228493
2107763790
800429261
512389149
1154604785
1729877958
202978763
450096845
2108803584
1799271623
1935767549
1733809979
1519001932
1926147491
842375291
1823895969
960622836
1004893237
217691684
929826902
1820949662
147500014
242263005
1853409766
309387395
1801759357
2089745657
1944482511
1195798947
1114396954
540173749
1234999510
1386589978
1764860016
2087698906
1424495108
1226487435
434792741
1340763013
44536129
1909149112
64805639
541643779
1020736139
1146467124
1389765844
2038370518
299258067
279349295
2129245862
1986918101
1373544308
1409959281
1594456313
1448969583
1297686865
1901317474
2101750362
1967358992
246232969
884526405
823111086
397628316
91202010
1344126853
356496157
1692538392
991619727
1427538216
565560729
695889512
140007463
872254560
1098016527
2133670451
1291329156
978520640
923764008
589350882
766061004
120982924
1959735484
783690440
351042784
2120050857
937304532
1521774428
105233783
94023859
1584804442
652448161
1391077334
499720109
115710303
1671247782
1606992942
1328752595
1690456329
100094505
1499092882
2115283468
1180545303
2047665495
1876241043
856482172
226682899
1269521327
1170759546
204617269
1011588371
2020533508
895758881
254494989
1811981355
759071649
158341998
240364170
1563512690
1950386566
1808101997
1873268474
1141540527
837445585
62178569
1125839264
1126133665
64672312
1285931623
1748154632
1541935336
148592819
1277505760
728731260
735508883
1993783607
1410468248
2017835663
1974310727
870534044
2035446719
1666873558
1632077064
1993673120
1124792676
595154103
454016167
1883297028
895348721
963199321
743912648
378715604
987672135
1150156475
1299387791
955460292
1220790903
1127841248
578899431
1230169526
2099067161
47846952
1184166767
1412705880
1871104077
15564219
1131968257
348591339
563941452
921540382
1154111455
399605534
1283625897
946554343
1956224892
197089560
1839491370
1952226445
1618087909
1849529493
575236413
208065881
1956417226
1074444328
1693219097
1539418233
517404461
676454558
546450802
1918415155
1653545894
1578186371
785620696
1227404343
1633641296
1306196414
282847661
228702477
1741163348
214984023
2142467009
1748240557
1854322448
1764216154
2089529740
490554157
2099157219
2030270675
1609549063
812375701
616439191
938793464
174714919
344096974
542352492
576710246
1744008439
1229571769
1844538813
1043100036
1225006417
647375453
523864657
368020228
1508918328
1454430776
1158493505
1830093704
1729616597
2135782326
1657250433
951146849
1742111501
866366143
226683916
1806069618
2060220859
459491435
1558603696
566857779
1838787215
707341009
526929779
182410961
1814030210
755027965
1751205537
1135245427
1970724341
1148249599
1097786739
320055192
1586234213
951728672
185275742
1203678108
2106741709
1684578608
1418766325
1565308506
294214553
440455931
516043387
138273258
736143170
1678985946
871290889
368377995
523522698
1730895717
1856064600
2146781340
1727074646
437445446
1040185644
338132677
1140436003
827703593
1380569182
1475108915
667781670
989209807
583660676
1662791424
1909424900
2037965634
1104478782
1861182128
1254478379
821752867
1837458464
1900715735
1562355147
901508639
1100528439
1328034265
714761077
689346688
1319568954
1392213450
1898470478
656393184
1569509711
34524531
1797016303
1026866168
1844205686
606222198
758682845
1405469846
951985814
320491913
100067744
1354642349
44587810
1467454942
1405909378
1530059398
1977376872
1438350499
1845009894
1704497173
455965814
653159333
271543618
2093993574
1921992361
726253072
1926190266
1693414710
1523690451
1673217617
1189638490
268952478
2011220744
296471580
2026767088
272153322
145331462
306718857
685109892
1485225096
514373694
866435673
368051829
201610524
263717763
277695575
1484652082
272008881
931596622
130992090
921661329
927532041
200175019
2070408551
2092425167
868183829
177858756
1131167091
350433829
1191103616
771467272
564665157
2071209475
359226981
1002199032
39351290
2105163500
1727543330
579190926
296653731
1258819565
1969290564
213548618
92334729
1032357051
1846238625
1074528730
814982288
1342268008
1568735365
394829925
1299190969
1597692354
79409412
156114548
1341134529
422028616
1105247599
1865006973
512927975
1659292874
1924504545
280331278
1635852235
2062534812
1854473721
1586684051
687896178
587947638
546102690
2078136004
905993318
256324075
365972749
964164525
498189306
834118276
944681920
1291424859
648598187
1983590777
1644106440
1670353696
1865037218
791431435
815319562
846192516
520223831
1604444033
1073584312
1467609800
1405238095
1596788668
1929769695
1806725911
917100805
1703502201
803986972
253302604
1540884199
471276323
937535343
1423621466
1761020023
315791187
1134879783
1002847580
240192146
879835109
506679293
1635066682
2053893326
419180728
307116605
1030887668
32833276
1095435265
2018661407
957442958
1108595917
868428364
1261752884
1012708505
1380675984
425721873
978580220
1197167193
1459826201
148746991
962075796
833747096
449108670
781420680
1891885964
1672365062
273923963
1974827256
1948544215
133683787
1394097205
1627043570
590920924
988758187
1477831451
883318649
687711657
1289433941
2078164777
608774969
125118023
1627907912
131070150
249994112
1549479208
847790307
43190926
974503132
1860620221
1577036039
1598318634
1876769105
945170724
1465633514
541534554
1024201783
1635004927
760226939
609766164
575408558
2041250656
2002383725
912890054
1186999231
1705645792
2092017891
487761848
1196554001
1263482319
1266134454
1362290317
460896581
125430149
37544294
1523442408
854246126
1675386583
1868815770
2136672044
2095415088
1138347685
6203477
936653403
1227959028
2133958033
790437560
451062816
240551365
414680266
12255854
1992300264
994604618
1506555398
440480695
1859723818
313080928
365890702
1975271957
622452424
443706068
578321779
732110221
1512552333
1036026554
1813387486
1294684826
952840150
594979436
1780223621
945085108
663464526
1492949538
512575290
214838135
1512151506
1679849515
1887061405
837930612
1325899379
331873990
543694834
1420389265
1782132889
1882711455
1207174413
345427997
892705860
116271337
1503452778
421665908
398995054
1123772436
694403417
429187659
1090688653
856765996
1007485270
299670937
979672629
633263566
1951847799
2089521699
1216116953
406026951
1217897214
953530274
914165169
66374474
1057300238
1228406418
1635499448
1844050638
478583163
1205000090
1516062669
2022144130
76014266
1155893139
319917305
23907182
1558666999
1759932982
1991775952
403035687
1861285958
386737511
952328688
1348099118
377537009
1231392536
1800343207
113918695
1845706480
1498441691
549271985
480421937
1849056630
1833663496
2054250270
1239386278
1114462632
798825863
172181842
1873760112
1187699048
61384763
1948954150
1963542982
1619506000
1978049292
701250605
1350408194
1309799099
324642702
739965457
1609881185
213306109
1904335443
1011677723
1375688534
885214130
568548810
856720337
1748461963
1454557236
1221642706
2069820857
347587445
691995686
1961972191
2006761788
1969147538
538269485
1284170695
1879704230
1613311042
112531903
1100163370
1056790346
2012835392
632212755
1519318396
840610754
373857467
121671736
49695409
1506942036
1947911189
306418754
1389084291
370033009
1959552055
682058143
1291364963
238625367
1400978319
1953685639
996945914
599586774
1573554087
1485846162
1032961114
1795803439
992114019
145206115
1242846150
1812737303
985406167
1713301122
850300954
369613020
1937962178
588576840
345758680
1947254687
2056946091
604553203
549327825
688366527
450770071
618553561
743659885
1881873495
762026340
391223482
1355448215
1478242525
1405363398
1252911406
1535188039
1908788459
1429326299
67282493
1805445293
1695051290
1920012140
1243094029
627227127
1988070922
768933570
575413686
168295615
1380739711
1321526819
508522290
94387476
2007625126
1798932712
1134730352
152495396
1514641525
1482618684
331870087
1019083907
757428528
1046079347
814307335
461197850
1695094791
1443040004
361510252
1002052271
784614365
1473804581
215619244
4566540
294062371
1494018305
1982111984
2040704207
2071751907
404624793
427552607
1767536846
1695933913
1633109300
1762778645
714181156
768773563
716869252
932827698
1931987676
1444471962
1973097815
553365775
1880802105
1225140320
1817975030
579459212
422707360
755262073
267144734
164956805
802865443
313027983
810720920
1790336355
1377734059
552293741
765003895
1565942734
1165036737
1483117317
1144256238
1425661312
1884026873
586204813
357568203
1531929397
1104461307
1374728643
1842743444
1593745343
179698479
2115392594
2115228221
1047578677
1519358725
50736205
292803203
1246963019
209900510
1191230680
756991975
424648637
269266842
433102054
863133002
889479654
406237887
292253724
1618882082
511885421
1791493186
1104563156
584750166
1873722398
774526966
2133076543
1875392956
1910214359
2076925326
1139617186
1195181868
1846990233
2088883792
2122814913
1945283393
2145061310
226892633
263678297
1314165420
1618680650
1770028679
1956115910
49204276
2074353241
648843270
1934780101
1264382542
955194808
1203171962
417781844
458216532
181159056
694945734
1375823030
1135753573
422687037
908615799
2007683218
1071691482
1368089406
1977645009
448567099
569259104
1653528133
1965287028
1618622731
2058246071
15465581
123262377
330157544
442020358
1652451723
1932467535
2118385128
178989272
1002217884
144119388
1204003345
824161463
1540398174
67030034
1866428217
1588670307
505655292
1406719425
2141465868
1282182063
1968780513
370852658
1907104556
877097209
1859540142
1075160503
795362931
168481860
1680512582
1382670285
475705428
942655732
1300742
2105541995
648563295
1911972645
2022805778
1535325930
538437603
1650599336
161887947
401997968
411264941
348460442
170064732
1631676602
959608815
1991912867
1279849588
2125362854
1030387260
780241608
407638286
1874140122
1182076336
389827822
435636587
756025909
1620530477
69977324
1375116322
1194565776
1829588928
746007115
1841465934
1094629393
523882785
1672786589
401728741
635354124
1190717529
338068599
284286248
1905071765
2005078654
1944690700
1928423990
966957990
1404147610
98334567
1649161660
1788755177
30970794
1533317188
1595040199
1950806052
1089555906
1897277836
797809082
749031999
1318559566
859209324
1006174299
835727602
596069747
1069605137
807972103
2127545615
1727157907
1000376065
565611014
202245993
1582781935
1674871065
328566265
75967072
1469005672
1590753567
1338583664
1423172106
1069274462
1716023043
1015990680
1758971136
2008308409
926502839
1688638737
49852354
1269048070
1363664808
767430622
1894298824
1340523193
212996823
157445494
1692058406
988266897
1193970841
1534627831
387108314
386388249
222404839
1042380666
633658806
1852287306
1666634083
156046465
348329956
